728
789
767
788
775
808
817
805
790
783
796
753
765
752
763
796
823
740
797
814
744
788
787
770
800
764
788
781
801
792
773
766
797
730
745
764
788
816
728
781
722
768
722
752
799
760
780
795
778
751
790
777
750
750
772
729
743
826
735
750
776
783
762
712
793
764
764
765
799
749
800
736
790
753
727
792
763
792
772
720
791
821
788
802
777
773
815
759
736
781
827
797
797
795
746
781
778
787
783
775
744
759
763
763
815
811
755
746
798
775
824
796
722
800
816
746
797
774
799
772
778
768
763
781
784
830
796
783
788
747
725
769
807
758
717
843
731
789
793
799
795
714
735
748
717
782
772
803
744
795
737
763
772
816
781
743
801
763
807
759
774
802
771
759
773
778
775
772
799
808
771
804
706
773
771
752
753
764
825
801
788
802
785
807
784
780
799
793
809
801
786
762
730
731
775
775
764
749
800
752
791
781
781
745
778
808
768
776
819
752
798
759
771
737
806
753
719
759
788
745
781
792
735
758
736
807
738
758
735
798
783
802
761
762
815
730
739
773
766
764
781
774
842
802
763
717
799
760
771
728
770
798
817
745
781
759
795
785
770
764
746
735
808
775
775
763
808
799
746
775
811
800
797
747
756
743
774
791
808
800
770
809
760
756
750
793
773
779
752
800
764
823
774
766
804
784
808
795
786
783
764
733
802
774
781
774
749
755
791
763
768
773
758
771
772
776
747
775
790
805
743
754
781
800
781
755
790
783
843
806
774
791
764
771
746
793
730
776
758
757
752
749
791
822
802
828
783
758
729
770
772
777
781
794
782
775
796
798
786
794
760
785
743
775
759
780
776
799
794
774
770
756
793
767
800
753
808
778
798
789
771
759
816
770
763
790
809
793
736
810
780
731
791
749
771
751
819
794
745
826
770
750
732
808
793
776
746
770
725
816
803
796
752
760
747
765
811
768
759
811
775
809
812
792
780
784
804
724
783
799
760
780
783
807
764
746
799
736
796
764
756
760
779
755
764
763
738
736
784
771
751
799
749
825
772
773
780
794
766
816
747
809
763
769
743
796
801
772
756
751
769
761
793
786
726
787
774
725
803
817
742
793
822
799
794
770
798
785
760
825
802
779
714
790
812
756
743
753
