331.378196501
338.218328841
322.080536913
320.3
323.112313938
333.07734057
332.782138024
335.470985155
328.559459459
311.022880215
324.4
322.132971506
314.0562249
331.954362416
328.353576248
318.841961853
328.701612903
305.333333333
328.340080972
330.513513514
308.141900937
333.693548387
324.621803499
320.453938585
347.357723577
312.547651007
323.652759085
319.591339648
327.18875502
324.543507363
320.563758389
321.322537112
342.708276798
326.146143437
328.353576248
324.412398922
340.696598639
323.606469003
332.205128205
320.900269542
318.534946237
336.420485175
320.238926174
319.353020134
322.64064603
339.691275168
318.439089692
328.791891892
335.687165775
309.484646195
335.001349528
310.045272969
339.99461642
324.209959623
313.31090175
323.34589502
312.334231806
332.192151556
326.094339623
326.733870968
324.654986523
316.432795699
316.855978261
313.249666222
340.203252033
318.214477212
329.215528782
333.104557641
325.378378378
324.939271255
328.489905787
312.385444744
311.885026738
288.39892905
331.053061224
325.56684492
336.276422764
324.264705882
326.64516129
328.801068091
317.602150538
303.205921938
320.669365722
325.235924933
314.366800535
306.333781965
311.428187919
324.987886945
326.705248991
336.086021505
322.259810555
307.878378378
339.35309973
315.005405405
310.463806971
328.156123822
324.072580645
324.347593583
312.372155288
318.6291834
324.54691689
334.63229308
333.308108108
332.69717362
308.658634538
328.670284939
321.823529412
333.868456376
319.665768194
308.056149733
329.26034713
324.220726783
317.290148448
324.636977058
327.46361186
310.463806971
338.411290323
333.341397849
338.464237517
334.862533693
320.39295393
335.99461642
326.349462366
309.701211306
317.819163293
324.493261456
324.888290713
326.593792173
340.301630435
304.642375169
327.201612903
316.897297297
312.739247312
323.033557047
324.413978495
341.849259758
326.594594595
331.571428571
316.32388664
333.771197847
334.627027027
309.720805369
329.403508772
304.634408602
323.916666667
309.287634409
324.889189189
324.128
308.54155496
328.791891892
330.109919571
313.483870968
336.63229308
323.606469003
345.435483871
310.726301736
337.864682003
348.075778078
320.336473755
326.877852349
332.955704698
332.027027027
322.451612903
320.788617886
332.757123474
320.39295393
323.112313938
334.862533693
347.169559413
323.127027027
332.955704698
322.765498652
321.487935657
331.602150538
332.536193029
316.281879195
288.39892905
324.412398922
308.958389262
328.795669824
323.474829932
320.8
308.497311828
318.536912752
318.869095816
303.152496626
348.008032129
324.02165088
318.871447903
322.775235532
326.793010753
323.697860963
319.19840213
325.681818182
322.587601078
323.112313938
312.547651007
325.013513514
324.20754717
318.511378849
328.593792173
325.555256065
340.584118439
327.919137466
335.263017356
327.959731544
334.24291498
328.143049933
329.527516779
321.948509485
327.886024423
320.373477673
317.181695828
306.381842457
310.310991957
317.983827493
320.483783784
331.269076305
320.3
313.18875502
318.0
324.264705882
321.857718121
333.738896366
331.328877005
309.604336043
326.621151272
323.456989247
328.008163265
327.45799458
325.360107095
325.667114094
338.655826558
333.921302578
329.652291105
308.27613941
334.462566845
320.864864865
329.713513514
328.959893048
329.632653061
333.245283019
315.069012179
323.930294906
318.867924528
324.748317631
337.757738896
334.896921017
345.627530364
313.601604278
325.057256991
325.080645161
338.733601071
330.769851952
323.696644295
308.869798658
319.809651475
327.30820996
315.854447439
334.389261745
332.545454545
328.008163265
335.632214765
319.17852349
323.112313938
303.106666667
335.803763441
325.052631579
340.702557201
308.056149733
329.155913978
335.232432432
338.864064603
315.719298246
322.136546185
312.489304813
320.51420839
309.645333333
322.586810229
336.642276423
316.278002699
348.73541384
340.347708895
304.681879195
314.320427236
298.091152815
306.333781965
311.948924731
331.954362416
313.489986649
341.078378378
328.273825503
323.327978581
310.018893387
303.337801609
323.909212283
327.951677852
328.791891892
323.95951417
330.339622642
336.326086957
309.685333333
320.383378016
333.406207827
320.335588633
332.804845222
332.426450742
315.732070365
317.228687415
326.69448183
312.531543624
319.489247312
318.391891892
314.037889039
316.885290148
315.672483221
315.719298246
323.112313938
334.396226415
335.470985155
323.354752343
307.205333333
336.535666218
336.190860215
325.555256065
321.489986649
320.949932341
316.479138627
341.849259758
332.97826087
329.064343164
314.155287818
324.317631225
317.259459459
316.045822102
332.176470588
308.663087248
322.018867925
312.246979866
321.354054054
315.30820996
322.192411924
328.593792173
346.067294751
319.959839357
323.67611336
324.239569314
317.983870968
322.181571816
332.579088472
332.418666667
317.033647376
318.408053691
318.499325236
319.445491252
319.17852349
331.540939597
332.64966443
326.793010753
338.43537415
316.186738836
316.215053763
342.059299191
321.764864865
320.373477673
324.571428571
321.588156124
325.899864682
317.263157895
335.172506739
312.85560054
312.688085676
298.46442953
318.072874494
324.620782726
335.712365591
317.201072386
331.044295302
339.35309973
340.68371467
317.259459459
330.906666667
301.70894526
315.618403248
348.075778078
309.970149254
318.871447903
324.990654206
331.328877005
333.083333333
334.086486486
326.982550336
329.407008086
305.227456258
312.311827957
332.346774194
329.527516779
325.868632708
331.60916442
324.576819407
317.341430499
323.806451613
313.709677419
327.522788204
319.903225806
314.026809651
332.457374831
309.44772118
315.575268817
309.260053619
331.784946237
331.540939597
347.673414305
311.895582329
315.719298246
332.192151556
329.10326087
321.225981055
333.274932615
328.230352304
316.326530612
349.203804348
307.720805369
324.264705882
324.576819407
323.718918919
310.69986541
329.407506702
326.593792173
337.757738896
340.347708895
302.990553306
325.790884718
309.604336043
322.013422819
340.702557201
337.757738896
326.268817204
327.804812834
334.389261745
312.369189907
312.292225201
310.887989204
322.933694181
313.830188679
348.536585366
327.00536193
312.374663073
323.909212283
317.259459459
319.588156124
321.814765101
317.581208054
344.88590604
319.17976032
332.757123474
322.176390773
317.83805668
321.154362416
336.866756393
316.549391069
349.534693878
326.971506106
316.897297297
311.639784946
319.711956522
333.293800539
327.239892183
312.276510067
313.174089069
317.585464334
314.204301075
299.290322581
312.2578019
335.850948509
330.275303644
323.860589812
309.377181208
326.685483871
330.571045576
314.196500673
332.176470588
346.067294751
333.771197847
317.608636977
315.618403248
332.64966443
327.69541779
320.104697987
308.958389262
319.959839357
340.783783784
314.717741935
328.559459459
320.707774799
336.963660834
342.064690027
326.888290713
