3.89780353874
4.04203539823
4.05716060888
4.11311787072
4.1781627983
4.13121019108
4.15223012282
4.02967542504
3.98016119033
4.01747930083
3.8941495778
4.23531353135
4.10829639012
4.0964274423
3.92899224806
4.02161160852
4.11712598425
4.08388312912
4.11698717949
4.08782310807
3.94897018137
3.99059561129
4.14262769033
4.20158363576
4.01992642551
4.24111842105
4.085246933
4.02206809584
4.12532051282
4.2826878517
4.06805111821
4.41502930024
4.00809212574
4.1609158336
4.05479452055
4.02108907775
3.95027455766
4.17167519182
4.14910025707
3.98030769231
4.02161160852
4.25929614874
4.07158908507
4.1270860077
4.0145917417
4.14262717321
4.14580645161
4.22025991336
3.93679042651
4.05557280348
4.07864813645
4.03142501556
4.0642172524
3.96927803379
4.41482758621
4.07070063694
4.06954588758
4.2438538206
4.03283767038
4.11002522068
4.09775901267
4.11616804583
4.10652591171
4.02886465683
3.90223970944
3.97371675943
3.9370972691
4.12069520438
4.15446630119
3.9876045863
4.04011461318
4.15327525008
4.03204729309
4.04670242979
4.20690778755
4.08888888889
3.92046144505
4.07833228048
4.1145631068
3.97789539228
4.29359016938
4.088358594
4.1572327044
4.07275641026
4.2174789916
4.10152284264
4.15223012282
4.08760278305
4.2438538206
4.07041810751
4.03513596089
4.07025986526
4.01502347418
3.93679042651
4.27084723149
4.09305993691
4.02161160852
4.12379110251
4.21167161227
4.20333988212
4.04011461318
4.20716612378
4.02029981262
4.13266945069
3.99195544554
4.07025986526
4.050625
4.14606741573
4.06897647807
4.08621236133
4.15076027176
4.05164319249
4.15528955031
4.1060311284
3.96958525346
4.09475357711
4.08796443315
4.08461780434
4.05753337572
4.05732484076
3.99250702466
4.11509860976
4.06702668361
4.24078947368
4.23828514457
4.37698278772
4.15295256534
4.11097019658
4.24974924774
4.12986178078
4.1267244145
4.09722664967
3.97809318112
3.90133171913
3.98472349526
4.20251126851
3.97711811998
4.12993262753
4.13866751674
4.17822105952
4.02389819988
4.05017355633
4.08565107459
4.21875
4.20110103627
4.09475357711
4.17135549872
4.1609787508
4.09606299213
4.10803858521
4.11121703209
4.02327746741
4.04985888993
4.08299018055
3.99220455254
4.0365625
4.16085965484
4.16290322581
3.90892531876
4.17918699187
4.13412291933
4.12957023733
4.13025477707
4.09883170193
4.21942446043
3.92076502732
4.02019888129
4.03142501556
4.25389459728
4.15779345734
3.92218844985
3.98302420622
4.18311258278
4.08418043202
4.05719733079
4.01625
3.97773654917
4.11328626444
3.96765334147
4.09582542694
3.99250702466
4.09174311927
4.11477529906
4.15382134795
4.04904118202
4.07600502513
4.02955818295
3.9880257906
4.26737612238
4.10152284264
3.99783281734
4.13184
4.09916020672
4.13344051447
3.92718894009
4.11477529906
4.12267777066
4.12958199357
4.20298013245
4.16937581274
3.96363636364
3.99164862357
4.01396214707
4.04900124844
4.09475357711
4.11351875809
4.03385004745
4.02239747634
4.10736097718
4.15006385696
3.9768822243
4.12320459623
4.30299966296
4.23498349835
4.16016757976
4.07801195344
4.01226415094
4.00031240237
4.04854981084
4.12688240948
4.02270577105
3.77490886999
4.04346446701
4.02937538652
3.88637050468
4.20716612378
4.06773162939
4.07556836375
4.09116629991
4.1662371134
4.15459249677
4.26628989362
4.06562599554
4.15227934045
4.10684580934
4.08817891374
4.25671641791
4.06393129771
4.08482563619
4.08417085427
3.92491572173
4.01706276661
4.19183006536
4.03783783784
4.05189873418
4.07523510972
4.16204002582
4.2210940059
4.09980988593
4.17115946736
4.02570532915
3.96190185919
4.11911623439
4.16211000322
4.15474642393
4.16373124592
4.04542586751
3.93400243309
4.08702481935
4.09493264913
4.10152284264
4.43192002758
4.01625
4.15295256534
3.95507020281
4.24587958291
4.13248
4.20755946562
4.13754045307
4.28193249504
4.05787983643
3.95110557459
4.16062176166
4.15962592712
4.01240310078
4.09807023094
4.0215450908
3.87439613527
4.08338557994
4.11573926868
4.1877457405
4.05
4.0926102125
3.94897018137
3.95141700405
4.15295256534
4.21776315789
3.96673787
4.07648365598
4.08328035601
3.77490886999
4.041998091
4.0956088446
4.09406887755
4.19148254883
4.13480627602
4.06496815287
3.98771875959
4.07746031746
4.09475357711
4.23869680851
3.93619631902
4.15883668904
4.21897570584
4.1267244145
4.09668155712
4.14336226294
3.8691305665
4.08388941849
4.14262717321
4.08955223881
4.15794701987
4.1108980505
3.88808227465
4.10369901992
4.06329113924
4.17909475741
4.15076027176
4.37657473613
4.09534298301
4.10935023772
3.88861838101
4.0108560794
4.04907203523
4.17717426447
3.99282595134
4.05354879594
3.77430133657
4.06103731815
4.01240310078
3.88663845224
4.0260269677
4.0164647406
4.06332288401
4.09592027406
4.1225347559
3.95192307692
4.24769736842
4.1942820013
4.16236281472
4.01969504447
4.07538802661
4.27160493827
4.25938226503
4.04224030038
4.22036673215
4.20158363576
4.12856684835
4.1666129552
4.09803299492
4.01710199005
4.12256623045
4.04900124844
4.10057106599
4.09305993691
3.99059561129
3.99290342487
4.20158363576
4.18254990341
4.03513596089
4.18876404494
4.09905362776
4.03003477711
4.15329883571
4.15446630119
4.11023373342
4.16371823738
4.11414944356
4.06332288401
4.38106469003
4.1735725938
4.24277067922
3.96002518099
3.88599939522
4.14580645161
4.19519324456
4.00062150404
4.09728
4.07682539683
4.17717426447
4.02727561053
3.97732214974
4.01486068111
4.02308892356
4.06381620932
4.09630102041
4.01905366783
4.10060877924
4.01641375039
4.19980475106
4.0992
4.07557227971
4.01454658001
4.16519751877
4.09345200254
3.98884412767
4.06012658228
4.13776493256
4.1624959376
4.27192408377
4.05286483064
4.01533646322
4.03390894819
4.09021601017
3.97852474323
4.08451146717
3.99752091726
4.09677419355
4.22066666667
4.37698278772
4.03415559772
4.02093596059
4.03151065802
3.87530193237
4.01177564301
4.13707865169
4.0164647406
4.04954244241
4.04413619168
4.09632731959
4.09305993691
4.20366732155
4.16629285485
4.08418043202
4.01767753734
4.02173228346
4.24924824591
3.9624771202
4.15006385696
4.03917910448
4.17060702875
4.11875800256
4.21869892122
4.24835526316
4.09154704944
3.99164862357
3.9370972691
3.96765334147
4.11918238994
4.08038897893
4.01239925604
4.21834922723
3.98771875959
3.99158354115
4.218372017
3.77490886999
4.13220230474
4.18812199037
4.14591439689
4.11573178594
3.92104464015
4.01547987616
4.08885350318
3.9768822243
4.02050963331
4.21445067634
4.18190598841
4.1165080407
4.06044303797
4.2173342088
4.17953730857
4.01237623762
4.09632731959
4.07658367476
3.96664588529
4.30333670374
4.07038216561
4.08905613045
4.06509609423
4.09865470852
4.12238903394
4.00435729847
3.92491572173
3.99219481736
3.8869407497
4.18278145695
4.15459249677
4.20366732155
4.34448951995
4.22620599739
4.15327525008
4.12430668842
4.07588856868
3.99783281734
4.04697351828
4.02914446882
4.22522816167
4.12379110251
3.98061538462
4.14295017909
4.05590650663
4.03947787329
4.07384032818
4.19980475106
3.96109422492
3.95404071561
4.00062150404
