GENE	REGION	P_uncorrected	P_corrected
UBL5	100	0.972222222222	0.972222222222
NKAPL	266	0.305555555556	0.305555555556
NCBP2	679	1.0	1.0
AP1M2	548	0.305555555556	0.305555555556
NIPA2	313	0.305555555556	0.305555555556
TMCO2	173	0.75	0.75
ZDHHC19	NA	NA	NA
ABHD11	482	0.75	0.75
CDRT4	739	0.305555555556	0.305555555556
STK19	565	0.305555555556	0.305555555556
ASPHD1	678	0.305555555556	0.305555555556
TYK2	385	0.555555555556	0.555555555556
SCNN1D	541	0.305555555556	0.305555555556
DLG1	131	0.305555555556	0.305555555556
DLG2	20	0.972222222222	0.972222222222
SAMD11	265	0.555555555556	0.555555555556
PPP4C	217	0.555555555556	0.555555555556
CAMK4	240	0.305555555556	0.305555555556
MRPL54	210	0.305555555556	0.305555555556
RTN4R	209	0.555555555556	0.555555555556
SPN	779	0.555555555556	0.555555555556
KDM2B	424	0.555555555556	0.555555555556
NIPA1	718	0.305555555556	0.305555555556
DOC2A	6	0.305555555556	0.305555555556
BDKRB1	164	0.305555555556	0.305555555556
B3GALT6	407	0.305555555556	0.305555555556
ZNF44	638	0.305555555556	0.305555555556
GSC2	496	0.305555555556	0.305555555556
LARP7	535	0.972222222222	0.972222222222
ARHGEF18	77	0.555555555556	0.555555555556
POLR3GL	506	0.305555555556	0.305555555556
GIF	143	0.305555555556	0.305555555556
MACROD2	140	1.0	1.0
MUC16	10	0.972222222222	0.972222222222
ALS2CL	227	0.972222222222	0.972222222222
COMMD9	587	0.888888888889	0.888888888889
GTF2F1	338	0.972222222222	0.972222222222
LST1	571	0.305555555556	0.305555555556
FKBPL	657	0.305555555556	0.305555555556
CLDN4	42	0.305555555556	0.305555555556
MAZ	315	0.305555555556	0.305555555556
TRAPPC5	190	0.75	0.75
SNAP29	196	0.972222222222	0.972222222222
PRR22	616	1.0	1.0
ANGPTL6	284	0.75	0.75
MTMR10	408	0.305555555556	0.305555555556
HLA_DQA1	518	0.305555555556	0.305555555556
RHBDD2	170	1.0	1.0
ZNF763	617	0.305555555556	0.305555555556
LAT	628	0.305555555556	0.305555555556
ZSCAN12	48	0.555555555556	0.555555555556
ZSCAN16	733	1.0	1.0
RASGRP1	251	0.888888888889	0.888888888889
ZNF192	613	0.888888888889	0.888888888889
ATP2A1	25	0.555555555556	0.555555555556
TCF4	344	0.555555555556	0.555555555556
RRP1B	695	0.305555555556	0.305555555556
ITGA6	234	0.305555555556	0.305555555556
MLL3	672	0.305555555556	0.305555555556
GTF3C1	671	0.305555555556	0.305555555556
COL3A1	750	0.75	0.75
SIRT6	434	0.555555555556	0.555555555556
XPO6	65	0.75	0.75
APOM	376	0.555555555556	0.555555555556
FBXL12	124	0.555555555556	0.555555555556
ISG15	39	0.305555555556	0.305555555556
TNFRSF4	800	0.75	0.75
GTF2I	578	0.305555555556	0.305555555556
CCL25	232	0.305555555556	0.305555555556
CCL24	16	0.555555555556	0.555555555556
CCL26	468	0.555555555556	0.555555555556
EEF2K	364	0.305555555556	0.305555555556
PCGF6	759	0.555555555556	0.555555555556
C8orf42	515	0.972222222222	0.972222222222
PAXIP1	744	0.555555555556	0.555555555556
PPP1R11	NA	NA	NA
SDF4	127	0.75	0.75
ZNRF4	361	0.305555555556	0.305555555556
TP53I11	NA	NA	NA
ZDHHC8	618	0.305555555556	0.305555555556
GPSM3	640	0.75	0.75
ZNF426	448	0.888888888889	0.888888888889
C22orf29	292	0.305555555556	0.305555555556
GPX5	691	0.305555555556	0.305555555556
HS3ST3B1	422	0.75	0.75
GPX6	560	1.0	1.0
NCF1C	677	0.305555555556	0.305555555556
HES4	93	0.888888888889	0.888888888889
PIK3CB	349	0.305555555556	0.305555555556
ECSIT	291	0.555555555556	0.555555555556
MYH10	630	0.888888888889	0.888888888889
ACP5	629	0.555555555556	0.555555555556
ACP6	61	0.305555555556	0.305555555556
CACNA1C	745	0.305555555556	0.305555555556
MYH15	308	0.75	0.75
KLHL22	538	0.305555555556	0.305555555556
PAG1	43	0.305555555556	0.305555555556
PUSL1	704	0.888888888889	0.888888888889
TLE6	726	0.888888888889	0.888888888889
NBPF1	392	0.75	0.75
RETN	425	0.305555555556	0.305555555556
SSBP3	789	0.972222222222	0.972222222222
ANKRD35	477	0.305555555556	0.305555555556
MKRN3	706	0.305555555556	0.305555555556
PRKCSH	239	0.888888888889	0.888888888889
CYFIP1	500	0.305555555556	0.305555555556
SLC4A8	13	1.0	1.0
POLI	581	0.305555555556	0.305555555556
CDIPT	582	0.75	0.75
VARS	626	0.305555555556	0.305555555556
HIC2	790	0.555555555556	0.555555555556
CDC37	181	0.305555555556	0.305555555556
SPDYE5	18	0.888888888889	0.888888888889
RNF115	780	0.305555555556	0.305555555556
SAP30BP	636	0.75	0.75
GLTPD1	653	0.305555555556	0.305555555556
BIRC6	367	0.305555555556	0.305555555556
ERICH1	335	0.888888888889	0.888888888889
MVP	248	0.305555555556	0.305555555556
LAMA1	458	0.555555555556	0.555555555556
LAMA2	358	0.305555555556	0.305555555556
ARVCF	28	0.305555555556	0.305555555556
IGFL2	686	0.555555555556	0.555555555556
PLCL2	9	0.555555555556	0.555555555556
PMP22	453	0.75	0.75
SULT1A3	11	1.0	1.0
SULT1A2	593	0.305555555556	0.305555555556
SPIB	96	0.555555555556	0.555555555556
LTB	452	0.305555555556	0.305555555556
LTA	332	0.555555555556	0.555555555556
SH2B1	454	0.75	0.75
ABCG4	697	0.888888888889	0.888888888889
PRAM1	430	0.305555555556	0.305555555556
C19orf10	775	0.888888888889	0.888888888889
GPR153	242	1.0	1.0
BDKRB2	730	0.305555555556	0.305555555556
SCARF2	287	1.0	1.0
APBA3	288	0.305555555556	0.305555555556
APBA2	68	0.972222222222	0.972222222222
SMARCA4	751	0.888888888889	0.888888888889
IL21R	378	0.555555555556	0.555555555556
AK7	610	0.972222222222	0.972222222222
SLC17A1	270	0.555555555556	0.555555555556
ABT1	125	0.555555555556	0.555555555556
PBRM1	487	0.305555555556	0.305555555556
EBI3	470	0.305555555556	0.305555555556
C16orf54	597	0.305555555556	0.305555555556
DHX8	254	0.75	0.75
MORC1	203	0.888888888889	0.888888888889
SPCS1	462	0.972222222222	0.972222222222
IGSF6	138	0.972222222222	0.972222222222
SPNS1	394	0.75	0.75
CHAF1A	528	0.305555555556	0.305555555556
SH2D3A	740	0.305555555556	0.305555555556
NLRC5	783	0.555555555556	0.555555555556
RB1CC1	710	0.75	0.75
FRG1	599	1.0	1.0
NUP153	643	0.555555555556	0.555555555556
RDH8	134	0.555555555556	0.555555555556
IFT81	135	0.305555555556	0.305555555556
CLIP2	444	0.75	0.75
SLIT1	782	0.75	0.75
NDNL2	151	0.305555555556	0.305555555556
RGS12	777	0.305555555556	0.305555555556
NCR3	728	0.888888888889	0.888888888889
FBN3	147	0.75	0.75
PRSS16	148	0.305555555556	0.305555555556
OR2Z1	237	0.305555555556	0.305555555556
CRB3	724	0.75	0.75
ATG4D	607	1.0	1.0
TRIP10	107	0.888888888889	0.888888888889
P2RY1	106	0.555555555556	0.555555555556
GNB1L	763	0.305555555556	0.305555555556
TCL1B	664	0.305555555556	0.305555555556
TCL1A	552	0.305555555556	0.305555555556
DDX10	365	0.305555555556	0.305555555556
THAP7	208	0.555555555556	0.555555555556
MUSTN1	80	0.972222222222	0.972222222222
DPYD	600	0.888888888889	0.888888888889
CDRT15	721	0.305555555556	0.305555555556
AIF1	687	0.555555555556	0.555555555556
KIF13A	156	0.972222222222	0.972222222222
FUT5	736	0.305555555556	0.305555555556
ANK3	188	0.555555555556	0.555555555556
FUT3	318	0.555555555556	0.555555555556
EEF2	66	0.305555555556	0.305555555556
TRIM10	303	0.75	0.75
TGM6	250	0.305555555556	0.305555555556
PPP2R3C	1	0.888888888889	0.888888888889
ZNF625	719	0.888888888889	0.888888888889
TSPAN16	226	0.972222222222	0.972222222222
SFMBT1	411	0.75	0.75
SERPINA11	755	0.972222222222	0.972222222222
MARCH2	456	0.305555555556	0.305555555556
CHRFAM7A	192	0.305555555556	0.305555555556
DOM3Z	627	0.305555555556	0.305555555556
WBSCR22	720	0.555555555556	0.555555555556
ADAMTS3	63	0.75	0.75
HLA_DRB1	62	0.305555555556	0.305555555556
HLA_DRB3	516	0.305555555556	0.305555555556
HLA_DRB4	737	0.305555555556	0.305555555556
HLA_DRB5	195	0.305555555556	0.305555555556
CCDC15	233	1.0	1.0
ZNF266	355	1.0	1.0
NDUFA11	709	1.0	1.0
URB2	796	0.75	0.75
HMG20B	471	0.305555555556	0.305555555556
ZMPSTE24	641	0.888888888889	0.888888888889
TEP1	683	0.555555555556	0.555555555556
RIMBP3B	99	0.972222222222	0.972222222222
CXCR4	562	0.305555555556	0.305555555556
ZG16	87	0.305555555556	0.305555555556
TRAT1	654	0.305555555556	0.305555555556
C17orf49	474	0.888888888889	0.888888888889
ARRDC5	681	0.75	0.75
BAZ1B	56	0.305555555556	0.305555555556
TBL2	300	0.305555555556	0.305555555556
PEX11G	299	0.75	0.75
FBXO7	769	0.555555555556	0.555555555556
RAB27B	15	0.555555555556	0.555555555556
CSMD3	509	1.0	1.0
RFX3	4	0.555555555556	0.555555555556
STXBP2	46	0.888888888889	0.888888888889
TM4SF19	297	0.75	0.75
TAS1R3	649	0.305555555556	0.305555555556
YIPF2	296	0.75	0.75
DDAH2	427	0.305555555556	0.305555555556
ZNF699	508	0.75	0.75
ZNF177	NA	NA	NA
TNFAIP8L1	136	1.0	1.0
NEU1	784	0.972222222222	0.972222222222
EMR1	491	0.75	0.75
EMR3	30	0.75	0.75
VSIG2	386	1.0	1.0
ITIH1	757	0.555555555556	0.555555555556
ZNF20	455	1.0	1.0
GPR89A	785	0.305555555556	0.305555555556
ZBTB7A	586	0.305555555556	0.305555555556
C7orf13	473	0.305555555556	0.305555555556
FAM189A1	118	0.972222222222	0.972222222222
C19orf66	187	0.555555555556	0.555555555556
NEK4	553	0.972222222222	0.972222222222
ZFR2	307	1.0	1.0
PLA2G12B	204	0.888888888889	0.888888888889
KHSRP	339	0.555555555556	0.555555555556
ZNF165	182	0.75	0.75
MCOLN1	798	0.555555555556	0.555555555556
EN2	637	0.305555555556	0.305555555556
ARHGAP15	623	0.972222222222	0.972222222222
VN1R4	281	1.0	1.0
PPP1R14D	58	0.305555555556	0.305555555556
CLDN3	372	0.305555555556	0.305555555556
TXNRD2	259	0.75	0.75
CLDN5	486	0.305555555556	0.305555555556
NRTN	258	0.888888888889	0.888888888889
ZNF184	57	0.305555555556	0.305555555556
QPRT	466	0.888888888889	0.888888888889
RPP21	530	0.75	0.75
NUPR1	788	0.305555555556	0.305555555556
GTF2IRD1	351	0.305555555556	0.305555555556
GTF2IRD2	589	0.305555555556	0.305555555556
EMR4P	397	1.0	1.0
INTS10	382	0.888888888889	0.888888888889
SHD	433	0.888888888889	0.888888888889
EIF4H	54	0.555555555556	0.555555555556
SHH	545	0.972222222222	0.972222222222
KDM5C	598	1.0	1.0
SERPIND1	189	0.75	0.75
TUBB2B	609	0.972222222222	0.972222222222
EPOR	153	0.555555555556	0.555555555556
RETNLB	49	0.305555555556	0.305555555556
GJA8	380	0.888888888889	0.888888888889
C6orf47	615	0.305555555556	0.305555555556
CCDC108	NA	NA	NA
COX10	214	0.888888888889	0.888888888889
ALKBH7	670	1.0	1.0
TMEM219	537	0.305555555556	0.305555555556
GUCA1C	692	0.972222222222	0.972222222222
SERPINA12	543	0.305555555556	0.305555555556
HFE2	321	0.972222222222	0.972222222222
CD70	104	0.305555555556	0.305555555556
PI4KA	774	0.305555555556	0.305555555556
HTN3	642	0.972222222222	0.972222222222
HTN1	285	0.75	0.75
RFC2	178	0.555555555556	0.555555555556
PIGX	60	0.888888888889	0.888888888889
CSMD1	279	0.75	0.75
TREM2	162	0.555555555556	0.555555555556
TXNIP	256	0.305555555556	0.305555555556
ITIH3	708	0.75	0.75
PANX3	484	0.305555555556	0.305555555556
ELAVL1	149	0.305555555556	0.305555555556
ZBTB12	115	0.305555555556	0.305555555556
IFT140	230	0.75	0.75
FASTKD5	235	0.75	0.75
S1PR2	460	0.305555555556	0.305555555556
NOC2L	101	0.305555555556	0.305555555556
DNAJB6	221	0.305555555556	0.305555555556
S1PR5	588	0.305555555556	0.305555555556
S1PR4	794	0.305555555556	0.305555555556
AZI2	22	0.555555555556	0.555555555556
C22orf39	419	0.305555555556	0.305555555556
FBXO25	564	1.0	1.0
ZNF433	293	0.972222222222	0.972222222222
RANBP1	84	0.888888888889	0.888888888889
RANBP3	758	0.305555555556	0.305555555556
CLIC5	729	0.555555555556	0.555555555556
C1orf159	526	1.0	1.0
HHLA2	NA	NA	NA
KLHL17	81	0.305555555556	0.305555555556
UBE3C	705	0.305555555556	0.305555555556
DAB2IP	32	0.555555555556	0.555555555556
TRIT1	646	0.888888888889	0.888888888889
COL5A3	584	0.555555555556	0.555555555556
PEX11B	661	0.305555555556	0.305555555556
MTOR	398	0.305555555556	0.305555555556
NUDT17	475	0.305555555556	0.305555555556
SND1	685	0.305555555556	0.305555555556
CMC1	108	0.888888888889	0.888888888889
UHRF1	2	0.75	0.75
TAOK2	690	0.972222222222	0.972222222222
TAOK3	459	0.75	0.75
TJP3	546	0.305555555556	0.305555555556
TJP1	186	0.555555555556	0.555555555556
PIP5K1C	409	0.555555555556	0.555555555556
PPAN	746	0.305555555556	0.305555555556
ACTL9	648	0.305555555556	0.305555555556
IRS1	645	0.305555555556	0.305555555556
LY6G5C	423	0.305555555556	0.305555555556
LY6G5B	352	0.555555555556	0.555555555556
GDPD3	388	0.972222222222	0.972222222222
NSMCE1	504	0.305555555556	0.305555555556
TUB	261	0.305555555556	0.305555555556
SLC7A5P1	651	0.305555555556	0.305555555556
XAB2	260	0.555555555556	0.555555555556
PRDX6	570	0.305555555556	0.305555555556
MSH5	684	0.305555555556	0.305555555556
INSR	222	0.305555555556	0.305555555556
AGRN	765	0.888888888889	0.888888888889
CYP17A1	428	0.972222222222	0.972222222222
RNF39	317	0.555555555556	0.555555555556
RNF32	305	0.305555555556	0.305555555556
CD320	341	0.305555555556	0.305555555556
P2RY2	689	0.305555555556	0.305555555556
RAVER1	169	0.75	0.75
FUT6	503	0.75	0.75
RGL3	714	0.888888888889	0.888888888889
DDHD2	247	1.0	1.0
POR	479	0.75	0.75
EVC2	139	1.0	1.0
KDM4B	5	0.75	0.75
VIPR2	128	0.75	0.75
MED15	712	0.305555555556	0.305555555556
NFKBIL1	123	0.555555555556	0.555555555556
BCL9	596	0.305555555556	0.305555555556
XPR1	95	0.888888888889	0.888888888889
YWHAG	110	0.305555555556	0.305555555556
FEM1A	566	0.305555555556	0.305555555556
SNURF	325	0.305555555556	0.305555555556
CYP21A2	290	0.305555555556	0.305555555556
PRKCB	289	0.555555555556	0.555555555556
LSM2	166	0.75	0.75
ZNF69	269	0.305555555556	0.305555555556
CEACAM18	NA	NA	NA
CYTH1	488	0.888888888889	0.888888888889
PAPOLA	37	0.888888888889	0.888888888889
BDH1	38	0.305555555556	0.305555555556
CLEC4M	467	0.305555555556	0.305555555556
NOTCH4	322	0.305555555556	0.305555555556
TUFM	639	0.888888888889	0.888888888889
NRIP1	577	0.305555555556	0.305555555556
BOLA2	741	0.75	0.75
TIMM44	74	0.972222222222	0.972222222222
ZNF653	333	0.972222222222	0.972222222222
ANGPTL4	625	0.305555555556	0.305555555556
PCCB	716	0.75	0.75
TEKT5	536	1.0	1.0
EPB41L4B	502	0.305555555556	0.305555555556
AGER	33	0.305555555556	0.305555555556
RAPGEF6	342	0.888888888889	0.888888888889
POLR3E	337	0.305555555556	0.305555555556
POLR3C	699	0.305555555556	0.305555555556
IL27	476	0.305555555556	0.305555555556
FAM8A1	663	0.972222222222	0.972222222222
PTPN3	786	0.305555555556	0.305555555556
CCDC94	404	0.75	0.75
DNMT1	403	0.75	0.75
DCC	402	0.305555555556	0.305555555556
DLGAP2	621	0.555555555556	0.555555555556
STAP2	146	0.305555555556	0.305555555556
DLGAP1	383	0.305555555556	0.305555555556
DGCR6L	652	0.305555555556	0.305555555556
WDR60	238	0.75	0.75
CLN8	145	0.972222222222	0.972222222222
TBC1D14	795	1.0	1.0
FMO5	346	0.888888888889	0.888888888889
MFI2	791	0.555555555556	0.555555555556
SLC25A1	205	0.305555555556	0.305555555556
CNNM2	26	0.305555555556	0.305555555556
HMGCR	766	0.555555555556	0.555555555556
DICER1	264	0.305555555556	0.305555555556
PCYT1A	273	0.555555555556	0.555555555556
TCL6	40	0.305555555556	0.305555555556
ADCY7	272	0.75	0.75
CNN1	520	0.75	0.75
DZIP3	517	0.305555555556	0.305555555556
FCER2	158	0.75	0.75
ANKRD34A	727	0.305555555556	0.305555555556
CARD6	416	0.888888888889	0.888888888889
F2R	309	0.305555555556	0.305555555556
KPNA1	8	0.555555555556	0.555555555556
TUBGCP5	696	0.305555555556	0.305555555556
LZTR1	569	0.305555555556	0.305555555556
AES	778	0.555555555556	0.555555555556
GNAO1	67	0.305555555556	0.305555555556
DOCK1	513	0.305555555556	0.305555555556
DOCK6	168	0.305555555556	0.305555555556
CARM1	752	0.888888888889	0.888888888889
CD209	267	0.555555555556	0.555555555556
ITGA10	268	0.305555555556	0.305555555556
ACSBG2	163	0.972222222222	0.972222222222
SEPT5	711	0.305555555556	0.305555555556
FAM13C	354	1.0	1.0
TNFRSF18	347	0.305555555556	0.305555555556
CHD1L	602	0.305555555556	0.305555555556
KEAP1	723	0.75	0.75
TEKT3	772	0.555555555556	0.555555555556
VPS37D	324	0.305555555556	0.305555555556
USP41	213	0.305555555556	0.305555555556
TFRC	177	0.75	0.75
HLA_DRA	90	0.305555555556	0.305555555556
PNPLA6	85	0.972222222222	0.972222222222
RBM33	86	0.888888888889	0.888888888889
TRPM1	89	0.555555555556	0.555555555556
EPHB1	387	0.555555555556	0.555555555556
PRKAB2	277	0.305555555556	0.305555555556
TRRAP	717	0.555555555556	0.555555555556
MRPL4	220	0.555555555556	0.555555555556
GPR89B	201	0.305555555556	0.305555555556
C19orf70	572	0.305555555556	0.305555555556
BTNL2	200	0.305555555556	0.305555555556
KY	41	0.75	0.75
NAA16	174	0.75	0.75
LCT	94	0.305555555556	0.305555555556
CCDC137	761	0.555555555556	0.555555555556
RARG	368	0.972222222222	0.972222222222
RBFOX1	669	0.888888888889	0.888888888889
OTOA	405	1.0	1.0
SAFB2	522	0.305555555556	0.305555555556
GNRHR2	612	0.555555555556	0.555555555556
ATP6V1G2	116	0.75	0.75
MBD3L1	69	0.555555555556	0.555555555556
MBD3L2	606	0.305555555556	0.305555555556
ZP3	673	0.305555555556	0.305555555556
TOP3B	130	0.305555555556	0.305555555556
STX1A	218	0.305555555556	0.305555555556
MYOM2	0	1.0	1.0
EIF3C	611	0.305555555556	0.305555555556
ZNF136	446	0.555555555556	0.555555555556
HSPB1	585	0.75	0.75
MYO1F	207	0.555555555556	0.555555555556
DOHH	793	0.75	0.75
MAGEC1	83	0.75	0.75
OLFM2	NA	NA	NA
TBX1	306	0.305555555556	0.305555555556
TBX6	320	1.0	1.0
KRT4	183	0.75	0.75
BCORL1	707	1.0	1.0
SNORD84	635	0.888888888889	0.888888888889
SH3GL1	165	0.555555555556	0.555555555556
BCR	59	0.305555555556	0.305555555556
EHMT1	781	0.305555555556	0.305555555556
EHMT2	494	0.888888888889	0.888888888889
ZNF530	391	0.305555555556	0.305555555556
RBM8A	735	0.972222222222	0.972222222222
PGBD1	390	0.305555555556	0.305555555556
CD82	119	0.305555555556	0.305555555556
LY6G6D	603	0.555555555556	0.555555555556
LY6G6E	29	0.305555555556	0.305555555556
LY6G6F	141	0.75	0.75
ICAM4	112	0.305555555556	0.305555555556
RABEP2	12	0.305555555556	0.305555555556
TMEM205	7	0.972222222222	0.972222222222
ICAM1	224	0.305555555556	0.305555555556
DUS3L	98	0.888888888889	0.888888888889
C2	280	0.305555555556	0.305555555556
BCL7B	568	0.305555555556	0.305555555556
FBXO45	253	0.305555555556	0.305555555556
NDUFA7	559	0.888888888889	0.888888888889
CCDC39	302	0.75	0.75
TSSK2	198	0.555555555556	0.555555555556
RIMBP3	197	0.305555555556	0.305555555556
ZNRD1	797	0.305555555556	0.305555555556
NUP54	472	0.555555555556	0.555555555556
PRRT1	451	0.555555555556	0.555555555556
ACTR3B	450	0.972222222222	0.972222222222
ZNF480	NA	NA	NA
WDR11	418	0.305555555556	0.305555555556
AGPAT1	443	0.305555555556	0.305555555556
GSG1L	701	0.75	0.75
CSNK2B	529	0.305555555556	0.305555555556
RECK	375	0.555555555556	0.555555555556
TRIM73	184	0.305555555556	0.305555555556
DTX2	498	0.888888888889	0.888888888889
SPATA22	236	0.75	0.75
GPRIN3	229	0.888888888889	0.888888888889
LIMK1	17	0.305555555556	0.305555555556
EIF5	493	0.305555555556	0.305555555556
MAP2K2	314	0.305555555556	0.305555555556
KIAA1524	326	0.555555555556	0.555555555556
MAP2K7	117	0.555555555556	0.555555555556
MDH2	700	0.75	0.75
GTF2IRD2B	NA	NA	NA
PIN1	438	0.75	0.75
KLF13	490	0.555555555556	0.555555555556
KLF12	172	0.972222222222	0.972222222222
IFT57	556	0.305555555556	0.305555555556
HIP1	79	0.555555555556	0.555555555556
KIF22	620	0.75	0.75
MLLT1	294	0.305555555556	0.305555555556
MCCD1	738	0.555555555556	0.555555555556
DPP9	31	0.305555555556	0.305555555556
GLT8D1	507	0.972222222222	0.972222222222
P2RX6	749	0.75	0.75
NT5C2	715	0.972222222222	0.972222222222
DPP6	362	1.0	1.0
PDZK1	363	0.75	0.75
MPND	301	0.305555555556	0.305555555556
SLC44A2	463	0.305555555556	0.305555555556
STAC2	353	0.972222222222	0.972222222222
NRGN	3	0.555555555556	0.555555555556
CEP63	668	0.888888888889	0.888888888889
MCM6	71	0.972222222222	0.972222222222
ZNF74	713	0.305555555556	0.305555555556
SERPINA3	773	0.888888888889	0.888888888889
CDR2	431	0.305555555556	0.305555555556
NFATC2IP	274	0.75	0.75
ALDOA	283	0.75	0.75
UPK3B	NA	NA	NA
PIGZ	505	0.555555555556	0.555555555556
INO80E	282	0.888888888889	0.888888888889
ZNF804A	634	0.305555555556	0.305555555556
CASP4	144	0.75	0.75
TAF7L	159	0.888888888889	0.888888888889
SNAPC2	680	0.305555555556	0.305555555556
SRRM3	345	1.0	1.0
INA	675	0.305555555556	0.305555555556
RPH3A	330	0.305555555556	0.305555555556
KANK2	14	0.305555555556	0.305555555556
TMIGD2	76	1.0	1.0
EDEM2	531	0.305555555556	0.305555555556
ATF6B	764	0.305555555556	0.305555555556
CD19	771	0.305555555556	0.305555555556
UFD1L	787	0.305555555556	0.305555555556
ILF3	219	0.305555555556	0.305555555556
WBP4	676	0.888888888889	0.888888888889
SPA17	760	0.75	0.75
HECTD1	533	0.305555555556	0.305555555556
LAT2	78	0.305555555556	0.305555555556
ELOF1	734	0.888888888889	0.888888888889
GLRX5	514	0.75	0.75
PLK3	155	0.305555555556	0.305555555556
FAM132A	286	0.888888888889	0.888888888889
GSC	52	0.75	0.75
MRPL40	660	0.305555555556	0.305555555556
GOLGA6L2	45	0.305555555556	0.305555555556
C2CD3	NA	NA	NA
C6orf10	357	0.305555555556	0.305555555556
ZNF77	554	0.305555555556	0.305555555556
CANX	478	0.305555555556	0.305555555556
DGCR8	334	0.305555555556	0.305555555556
ATG2B	662	0.75	0.75
PPT1	776	0.305555555556	0.305555555556
PPT2	191	0.555555555556	0.555555555556
RYR2	429	0.555555555556	0.555555555556
DGCR6	157	0.305555555556	0.305555555556
SIAE	674	0.555555555556	0.555555555556
TLE2	742	0.888888888889	0.888888888889
HLA_DQB1	414	0.555555555556	0.555555555556
ZSCAN23	399	0.305555555556	0.305555555556
EIF3CL	263	0.555555555556	0.555555555556
ENPP4	379	0.305555555556	0.305555555556
ENPP5	231	0.555555555556	0.555555555556
HTR7	211	0.888888888889	0.888888888889
ZKSCAN3	762	0.305555555556	0.305555555556
QTRT1	340	0.75	0.75
GIPC3	527	0.305555555556	0.305555555556
UBR5	555	0.555555555556	0.555555555556
KCTD13	75	0.555555555556	0.555555555556
EVI5L	644	0.75	0.75
H2AFV	298	0.305555555556	0.305555555556
WDR53	550	0.555555555556	0.555555555556
ZNF441	NA	NA	NA
CSPG4	176	0.888888888889	0.888888888889
ADAMTS10	521	0.305555555556	0.305555555556
ROBO3	495	0.888888888889	0.888888888889
MBTPS1	549	0.305555555556	0.305555555556
ROBO4	523	0.555555555556	0.555555555556
MSRA	336	0.75	0.75
CLIC1	632	0.555555555556	0.555555555556
ZKSCAN4	384	0.305555555556	0.305555555556
ZNF568	152	0.555555555556	0.555555555556
RNF5	114	0.555555555556	0.555555555556
PSG2	NA	NA	NA
ZNF561	132	1.0	1.0
ZNF560	225	0.75	0.75
HTR5A	457	0.305555555556	0.305555555556
TRIM39	194	0.555555555556	0.555555555556
NCAPG2	55	0.888888888889	0.888888888889
TBRG1	666	0.305555555556	0.305555555556
TRIM31	323	0.972222222222	0.972222222222
MACF1	312	0.972222222222	0.972222222222
CDKN2D	682	0.305555555556	0.305555555556
CCDC68	NA	NA	NA
DCP1B	770	0.972222222222	0.972222222222
DNM2	647	0.75	0.75
CCDC84	480	1.0	1.0
KRI1	557	0.75	0.75
KBTBD6	373	0.888888888889	0.888888888889
FAM177A1	NA	NA	NA
SRCRB4D	NA	NA	NA
UBE3A	35	0.555555555556	0.555555555556
TNXB	604	0.305555555556	0.305555555556
CAP1	19	0.75	0.75
CAP2	88	0.305555555556	0.305555555556
THBS1	212	0.305555555556	0.305555555556
SKIV2L	328	0.305555555556	0.305555555556
UBXN6	180	0.555555555556	0.555555555556
UBXN7	767	0.305555555556	0.305555555556
PTPRN2	171	0.305555555556	0.305555555556
MTRF1	532	0.555555555556	0.555555555556
C16orf62	NA	NA	NA
STAG1	389	1.0	1.0
DNAJC30	510	0.555555555556	0.555555555556
CPSF3L	753	0.972222222222	0.972222222222
METTL9	605	0.305555555556	0.305555555556
ZNF823	NA	NA	NA
ANKRD24	97	1.0	1.0
SLC26A8	228	0.75	0.75
SBK1	223	0.555555555556	0.555555555556
SEZ6L2	702	0.305555555556	0.305555555556
KIAA1109	374	1.0	1.0
TRIM40	246	0.305555555556	0.305555555556
ANO9	381	0.555555555556	0.555555555556
SYNGAP1	722	0.888888888889	0.888888888889
TAF5	215	0.555555555556	0.555555555556
USMG5	150	1.0	1.0
PRODH	410	0.305555555556	0.305555555556
RAB3D	103	0.305555555556	0.305555555556
SNORD19B	395	0.555555555556	0.555555555556
OR4M2	91	0.75	0.75
ESAM	542	0.305555555556	0.305555555556
AIFM3	396	0.305555555556	0.305555555556
HIRIP3	366	0.305555555556	0.305555555556
MATK	511	0.305555555556	0.305555555556
NBPF12	624	0.305555555556	0.305555555556
MCPH1	24	0.555555555556	0.555555555556
NCF1	257	0.305555555556	0.305555555556
WBSCR27	614	0.305555555556	0.305555555556
SMCHD1	501	0.305555555556	0.305555555556
WBSCR28	329	0.305555555556	0.305555555556
RAB11B	725	0.888888888889	0.888888888889
NOM1	102	0.305555555556	0.305555555556
MUC5B	440	0.972222222222	0.972222222222
USP18	540	0.305555555556	0.305555555556
CCDC101	524	0.75	0.75
TICAM1	525	0.305555555556	0.305555555556
MSL2	406	0.555555555556	0.555555555556
TMED1	417	0.972222222222	0.972222222222
FZD9	275	0.305555555556	0.305555555556
ZNF627	276	0.972222222222	0.972222222222
GP1BB	393	0.305555555556	0.305555555556
MAPK3	252	0.305555555556	0.305555555556
HNRNPM	185	0.305555555556	0.305555555556
GTDC1	34	0.888888888889	0.888888888889
PML	244	0.305555555556	0.305555555556
ICAM3	439	0.305555555556	0.305555555556
C6orf48	622	0.305555555556	0.305555555556
TRAK1	547	1.0	1.0
PI4KAP2	NA	NA	NA
TBXA2R	561	0.555555555556	0.555555555556
ELN	563	0.305555555556	0.305555555556
OTUD7A	608	0.305555555556	0.305555555556
STYXL1	580	0.75	0.75
PAQR3	756	0.555555555556	0.555555555556
COL9A2	437	0.555555555556	0.555555555556
STAG3L2	442	1.0	1.0
STAG3L1	202	0.888888888889	0.888888888889
C3	206	0.305555555556	0.305555555556
IL4R	658	0.305555555556	0.305555555556
UNC13C	73	1.0	1.0
C6orf25	111	0.305555555556	0.305555555556
VWA3A	53	1.0	1.0
PSPN	129	0.888888888889	0.888888888889
VPS35	44	0.888888888889	0.888888888889
ATCAY	360	0.305555555556	0.305555555556
HIRA	262	0.305555555556	0.305555555556
VPS39	350	0.888888888889	0.888888888889
PAPPA2	121	0.888888888889	0.888888888889
PIAS3	327	0.305555555556	0.305555555556
FDX1L	465	0.75	0.75
PIAS4	105	0.305555555556	0.305555555556
HLA_G	421	0.75	0.75
HLA_A	665	0.305555555556	0.305555555556
HLA_C	319	0.305555555556	0.305555555556
MYCL1	743	0.555555555556	0.555555555556
ZNF317	82	0.75	0.75
HSPA1B	249	0.305555555556	0.305555555556
HSPA1A	370	0.75	0.75
CIT	371	0.555555555556	0.555555555556
ELF1	594	0.555555555556	0.555555555556
DSCAM	592	0.888888888889	0.888888888889
PLEKHN1	356	1.0	1.0
HSPA1L	703	0.305555555556	0.305555555556
SERPINA1	316	0.305555555556	0.305555555556
SRP54	295	0.75	0.75
SERPINA4	193	0.555555555556	0.555555555556
SERPINA6	655	0.555555555556	0.555555555556
SERPINA9	109	0.555555555556	0.555555555556
SEMA6B	534	0.75	0.75
UBQLN1	432	0.75	0.75
BRPF1	142	0.888888888889	0.888888888889
TRIML2	754	0.555555555556	0.555555555556
TTLL10	167	0.555555555556	0.555555555556
TRIML1	544	0.555555555556	0.555555555556
TNFSF9	659	0.305555555556	0.305555555556
DAPK3	732	0.305555555556	0.305555555556
ZNF558	512	0.305555555556	0.305555555556
RAX2	245	1.0	1.0
LONP1	489	0.305555555556	0.305555555556
KIAA0556	694	0.972222222222	0.972222222222
ZNF121	492	1.0	1.0
MLXIPL	693	0.305555555556	0.305555555556
SULT1A1	469	0.75	0.75
LIX1L	126	0.305555555556	0.305555555556
ACAP3	590	0.888888888889	0.888888888889
GGT2	449	0.305555555556	0.305555555556
TNF	343	0.305555555556	0.305555555556
SNRPN	579	0.305555555556	0.305555555556
DENND1C	21	0.972222222222	0.972222222222
CLTCL1	539	0.305555555556	0.305555555556
LRG1	310	0.555555555556	0.555555555556
CHD4	619	0.555555555556	0.555555555556
NFIC	64	0.305555555556	0.305555555556
SBNO1	485	0.305555555556	0.305555555556
PTPRS	179	0.305555555556	0.305555555556
RPL36	650	0.75	0.75
CD160	72	0.75	0.75
RNF168	499	0.305555555556	0.305555555556
LDLR	558	0.305555555556	0.305555555556
CREB3L3	23	0.555555555556	0.555555555556
GNA15	137	0.305555555556	0.305555555556
DGCR14	255	0.305555555556	0.305555555556
GNA11	36	0.555555555556	0.555555555556
AHNAK2	574	0.888888888889	0.888888888889
PTPRM	698	0.305555555556	0.305555555556
FSD1	567	0.888888888889	0.888888888889
SPATA5	122	0.888888888889	0.888888888889
