GENE	REGION	P_uncorrected	P_corrected
UBL5	100	0.75	0.75
UBE3A	35	0.305555555556	0.305555555556
NCBP2	679	0.555555555556	0.555555555556
AP1M2	548	0.888888888889	0.888888888889
NIPA2	313	0.305555555556	0.305555555556
TMCO2	NA	NA	NA
STK19	565	0.75	0.75
ASPHD1	678	0.555555555556	0.555555555556
TYK2	385	0.888888888889	0.888888888889
DLG1	131	0.555555555556	0.555555555556
DLG2	20	0.305555555556	0.305555555556
PIK3CB	349	0.305555555556	0.305555555556
RETN	425	0.305555555556	0.305555555556
MRPL54	210	0.888888888889	0.888888888889
RTN4R	209	1.0	1.0
SPN	779	0.75	0.75
KDM2B	424	0.75	0.75
NIPA1	718	0.305555555556	0.305555555556
DOC2A	6	0.555555555556	0.555555555556
BDKRB1	164	0.305555555556	0.305555555556
B3GALT6	407	0.75	0.75
ZNF44	638	0.305555555556	0.305555555556
GSC2	496	0.555555555556	0.555555555556
LARP7	535	0.972222222222	0.972222222222
ARHGEF18	77	0.75	0.75
POLR3GL	506	0.555555555556	0.555555555556
GIF	143	0.555555555556	0.555555555556
MACROD2	NA	NA	NA
MUC16	10	0.888888888889	0.888888888889
ALS2CL	227	1.0	1.0
COMMD9	NA	NA	NA
GTF2F1	338	0.888888888889	0.888888888889
LST1	571	0.305555555556	0.305555555556
FKBPL	657	0.888888888889	0.888888888889
CLDN4	42	0.305555555556	0.305555555556
MAZ	315	0.305555555556	0.305555555556
TRAPPC5	NA	NA	NA
SNAP29	196	0.888888888889	0.888888888889
PRR22	NA	NA	NA
HLA_DQA1	518	0.305555555556	0.305555555556
LAT	628	0.305555555556	0.305555555556
RASGRP1	251	0.75	0.75
ATP2A1	25	0.75	0.75
RRP1B	695	0.972222222222	0.972222222222
ITGA6	234	0.555555555556	0.555555555556
MLL3	672	0.75	0.75
GTF3C1	671	0.305555555556	0.305555555556
COL3A1	750	0.75	0.75
IL4R	658	0.305555555556	0.305555555556
XPO6	65	0.305555555556	0.305555555556
APOM	376	0.305555555556	0.305555555556
FBXL12	124	0.555555555556	0.555555555556
ISG15	39	0.305555555556	0.305555555556
TNFRSF4	800	0.555555555556	0.555555555556
GTF2I	578	0.305555555556	0.305555555556
CCL25	232	0.305555555556	0.305555555556
CCL24	16	0.305555555556	0.305555555556
CCL26	468	0.305555555556	0.305555555556
EEF2K	364	0.305555555556	0.305555555556
PAXIP1	744	0.75	0.75
SDF4	127	0.305555555556	0.305555555556
ZNRF4	361	0.305555555556	0.305555555556
TP53I11	NA	NA	NA
GPSM3	640	0.75	0.75
GPX5	691	0.75	0.75
HS3ST3B1	422	0.972222222222	0.972222222222
GPX6	560	1.0	1.0
NCF1C	677	0.555555555556	0.555555555556
PPP4C	217	1.0	1.0
ECSIT	291	0.888888888889	0.888888888889
MYH10	630	0.555555555556	0.555555555556
ACP5	629	0.75	0.75
ACP6	61	0.888888888889	0.888888888889
CACNA1C	745	0.972222222222	0.972222222222
MYH15	308	0.75	0.75
KLHL22	538	0.888888888889	0.888888888889
PAG1	43	0.305555555556	0.305555555556
TLE6	NA	NA	NA
NBPF1	392	0.305555555556	0.305555555556
CAMK4	240	0.305555555556	0.305555555556
SSBP3	789	1.0	1.0
MKRN3	706	0.305555555556	0.305555555556
PRKCSH	239	0.888888888889	0.888888888889
SLC4A8	13	0.972222222222	0.972222222222
POLI	581	0.305555555556	0.305555555556
CDIPT	582	0.555555555556	0.555555555556
VARS	626	0.972222222222	0.972222222222
CDC37	181	0.305555555556	0.305555555556
RNF115	780	0.305555555556	0.305555555556
SAP30BP	636	0.555555555556	0.555555555556
GLTPD1	653	0.305555555556	0.305555555556
MVP	248	0.555555555556	0.555555555556
LAMA1	458	0.305555555556	0.305555555556
LAMA2	358	0.305555555556	0.305555555556
ARVCF	28	0.305555555556	0.305555555556
SULT1A1	469	0.888888888889	0.888888888889
TAF5	215	0.75	0.75
SULT1A3	11	0.75	0.75
SULT1A2	593	0.75	0.75
SPIB	96	0.555555555556	0.555555555556
LTB	452	0.305555555556	0.305555555556
LTA	332	0.972222222222	0.972222222222
SH2B1	454	0.305555555556	0.305555555556
PRAM1	430	0.305555555556	0.305555555556
GPR153	242	0.75	0.75
BDKRB2	730	0.305555555556	0.305555555556
SCARF2	287	0.75	0.75
APBA3	288	0.972222222222	0.972222222222
APBA2	68	0.555555555556	0.555555555556
SMARCA4	751	0.75	0.75
IL21R	378	0.305555555556	0.305555555556
AK7	610	0.972222222222	0.972222222222
SLC17A1	270	0.555555555556	0.555555555556
ABT1	125	0.75	0.75
PBRM1	487	0.555555555556	0.555555555556
EBI3	470	0.305555555556	0.305555555556
DHX8	254	0.888888888889	0.888888888889
SPCS1	462	0.555555555556	0.555555555556
IGSF6	138	0.75	0.75
SPNS1	394	0.888888888889	0.888888888889
CHAF1A	528	0.888888888889	0.888888888889
SH2D3A	740	0.555555555556	0.555555555556
RB1CC1	710	0.555555555556	0.555555555556
FRG1	NA	NA	NA
NUP153	643	0.555555555556	0.555555555556
RDH8	134	0.972222222222	0.972222222222
IFT81	135	1.0	1.0
CLIP2	444	0.888888888889	0.888888888889
SLIT1	782	1.0	1.0
NDNL2	151	0.888888888889	0.888888888889
RGS12	777	0.305555555556	0.305555555556
NCR3	728	0.972222222222	0.972222222222
EMR4P	NA	NA	NA
PRSS16	NA	NA	NA
OR2Z1	237	0.888888888889	0.888888888889
CRB3	724	0.972222222222	0.972222222222
TRIP10	107	0.888888888889	0.888888888889
P2RY1	106	0.305555555556	0.305555555556
GNB1L	763	0.555555555556	0.555555555556
TCL1B	664	0.305555555556	0.305555555556
TCL1A	552	0.305555555556	0.305555555556
DDX10	365	0.888888888889	0.888888888889
THAP7	208	0.555555555556	0.555555555556
DPYD	600	0.972222222222	0.972222222222
CDRT15	NA	NA	NA
KIF13A	156	0.888888888889	0.888888888889
FUT5	736	0.888888888889	0.888888888889
ANK3	188	1.0	1.0
FUT3	318	0.972222222222	0.972222222222
EEF2	66	0.305555555556	0.305555555556
TGM6	250	0.888888888889	0.888888888889
PPP2R3C	1	0.75	0.75
TSPAN16	NA	NA	NA
SFMBT1	411	0.305555555556	0.305555555556
MARCH2	456	0.972222222222	0.972222222222
CHRFAM7A	NA	NA	NA
DOM3Z	627	0.305555555556	0.305555555556
WBSCR22	720	0.972222222222	0.972222222222
ADAMTS3	63	0.75	0.75
HLA_DRB1	62	0.555555555556	0.555555555556
EIF3C	611	0.555555555556	0.555555555556
HLA_DRB4	737	0.305555555556	0.305555555556
HLA_DRB5	195	0.305555555556	0.305555555556
HHLA2	NA	NA	NA
NDUFA11	709	1.0	1.0
HMG20B	471	0.888888888889	0.888888888889
ZMPSTE24	641	1.0	1.0
TEP1	683	0.888888888889	0.888888888889
RIMBP3B	NA	NA	NA
CXCR4	562	0.75	0.75
C17orf49	474	0.972222222222	0.972222222222
BAZ1B	56	0.305555555556	0.305555555556
TBL2	300	0.305555555556	0.305555555556
PEX11G	299	0.305555555556	0.305555555556
FBXO7	769	0.555555555556	0.555555555556
RAB27B	15	0.972222222222	0.972222222222
CSMD3	509	1.0	1.0
RFX3	4	0.888888888889	0.888888888889
MRPL40	660	0.305555555556	0.305555555556
TAS1R3	649	0.972222222222	0.972222222222
YIPF2	NA	NA	NA
DDAH2	427	0.305555555556	0.305555555556
ZNF699	NA	NA	NA
ZNF177	NA	NA	NA
MSL2	406	0.972222222222	0.972222222222
NEU1	784	1.0	1.0
VSIG2	NA	NA	NA
ITIH1	757	0.75	0.75
C7orf13	473	0.305555555556	0.305555555556
PLA2G12B	204	0.75	0.75
KHSRP	339	0.75	0.75
EN2	637	0.972222222222	0.972222222222
ARHGAP15	623	0.75	0.75
PPP1R14D	NA	NA	NA
CLDN3	372	0.305555555556	0.305555555556
TXNRD2	259	0.555555555556	0.555555555556
CLDN5	486	0.305555555556	0.305555555556
NRTN	258	0.555555555556	0.555555555556
TCF4	344	0.555555555556	0.555555555556
RPP21	530	0.75	0.75
NUPR1	788	0.305555555556	0.305555555556
GTF2IRD1	351	0.305555555556	0.305555555556
GTF2IRD2	589	0.305555555556	0.305555555556
SHD	433	0.888888888889	0.888888888889
EIF4H	54	0.305555555556	0.305555555556
SHH	545	1.0	1.0
SERPIND1	189	1.0	1.0
TUBB2B	609	1.0	1.0
EPOR	153	0.305555555556	0.305555555556
RETNLB	49	0.888888888889	0.888888888889
GJA8	380	0.75	0.75
C6orf47	615	0.555555555556	0.555555555556
COX10	214	1.0	1.0
ALKBH7	NA	NA	NA
TMEM219	537	0.305555555556	0.305555555556
GUCA1C	692	0.972222222222	0.972222222222
HFE2	321	1.0	1.0
CD70	104	0.305555555556	0.305555555556
PI4KA	774	0.305555555556	0.305555555556
HTN3	642	0.972222222222	0.972222222222
HTN1	285	0.888888888889	0.888888888889
RFC2	178	0.888888888889	0.888888888889
PIGX	60	1.0	1.0
STXBP2	46	0.305555555556	0.305555555556
TREM2	162	0.305555555556	0.305555555556
TXNIP	256	0.305555555556	0.305555555556
ITIH3	708	0.555555555556	0.555555555556
SPA17	NA	NA	NA
ELAVL1	149	0.555555555556	0.555555555556
QPRT	466	0.972222222222	0.972222222222
IFT140	230	0.888888888889	0.888888888889
INTS10	382	0.555555555556	0.555555555556
S1PR2	460	0.305555555556	0.305555555556
NOC2L	101	0.75	0.75
DNAJB6	221	0.75	0.75
S1PR5	588	0.305555555556	0.305555555556
S1PR4	794	0.305555555556	0.305555555556
AZI2	22	1.0	1.0
TNFSF9	659	0.305555555556	0.305555555556
C1orf159	526	0.972222222222	0.972222222222
RANBP1	84	0.555555555556	0.555555555556
RANBP3	758	0.555555555556	0.555555555556
CLIC5	729	0.555555555556	0.555555555556
FBXO25	564	0.972222222222	0.972222222222
MTMR10	408	0.305555555556	0.305555555556
UBE3C	705	0.305555555556	0.305555555556
DAB2IP	32	0.555555555556	0.555555555556
COL5A3	584	0.555555555556	0.555555555556
PEX11B	661	0.305555555556	0.305555555556
MTOR	398	0.305555555556	0.305555555556
NUDT17	NA	NA	NA
SND1	685	0.75	0.75
CMC1	108	0.972222222222	0.972222222222
UHRF1	2	0.972222222222	0.972222222222
TAOK2	690	0.75	0.75
TAOK3	459	0.888888888889	0.888888888889
TJP3	546	0.555555555556	0.555555555556
TJP1	186	0.305555555556	0.305555555556
PIP5K1C	409	0.555555555556	0.555555555556
PPAN	746	0.555555555556	0.555555555556
IRS1	645	0.305555555556	0.305555555556
LY6G5B	352	0.305555555556	0.305555555556
KEAP1	723	0.555555555556	0.555555555556
NSMCE1	504	0.75	0.75
TUB	261	0.305555555556	0.305555555556
XAB2	260	0.972222222222	0.972222222222
PRDX6	570	0.555555555556	0.555555555556
MSH5	684	0.888888888889	0.888888888889
INSR	222	0.305555555556	0.305555555556
AGRN	765	0.888888888889	0.888888888889
CYP17A1	428	0.972222222222	0.972222222222
HIP1	79	0.555555555556	0.555555555556
CD320	341	1.0	1.0
P2RY2	689	0.305555555556	0.305555555556
RAVER1	169	0.555555555556	0.555555555556
FUT6	503	0.888888888889	0.888888888889
GNRHR2	612	0.305555555556	0.305555555556
POR	479	0.972222222222	0.972222222222
EVC2	NA	NA	NA
KDM4B	5	0.888888888889	0.888888888889
VIPR2	128	0.555555555556	0.555555555556
MED15	712	0.888888888889	0.888888888889
BCL9	596	0.972222222222	0.972222222222
XPR1	95	0.75	0.75
YWHAG	110	0.888888888889	0.888888888889
FEM1A	566	0.305555555556	0.305555555556
SNURF	325	0.305555555556	0.305555555556
CYP21A2	290	0.305555555556	0.305555555556
PRKCB	289	0.75	0.75
LSM2	166	1.0	1.0
ZNF69	269	0.305555555556	0.305555555556
NBPF12	624	0.75	0.75
CYTH1	488	1.0	1.0
PAPOLA	37	0.972222222222	0.972222222222
BDH1	38	0.972222222222	0.972222222222
CLEC4M	467	0.305555555556	0.305555555556
NOTCH4	322	0.75	0.75
TUFM	639	0.555555555556	0.555555555556
NRIP1	577	0.305555555556	0.305555555556
BOLA2	NA	NA	NA
TIMM44	74	1.0	1.0
ZNF653	333	0.75	0.75
ANGPTL4	625	0.888888888889	0.888888888889
PCCB	716	1.0	1.0
AGER	33	0.555555555556	0.555555555556
RAPGEF6	342	0.972222222222	0.972222222222
POLR3E	337	0.555555555556	0.555555555556
POLR3C	699	0.305555555556	0.305555555556
IL27	476	0.305555555556	0.305555555556
DNMT1	403	0.75	0.75
DCC	402	0.305555555556	0.305555555556
DLGAP2	621	0.305555555556	0.305555555556
STAP2	146	0.305555555556	0.305555555556
DLGAP1	383	0.305555555556	0.305555555556
DGCR6L	652	0.888888888889	0.888888888889
CLN8	145	0.75	0.75
FMO5	346	0.972222222222	0.972222222222
MFI2	791	0.305555555556	0.305555555556
SLC25A1	205	0.555555555556	0.555555555556
TRIT1	646	0.305555555556	0.305555555556
HMGCR	766	0.555555555556	0.555555555556
DICER1	264	0.555555555556	0.555555555556
PCYT1A	273	0.555555555556	0.555555555556
TCL6	40	0.305555555556	0.305555555556
ADCY7	272	0.305555555556	0.305555555556
CNN1	520	1.0	1.0
DZIP3	517	0.555555555556	0.555555555556
FCER2	158	0.75	0.75
CARD6	416	1.0	1.0
F2R	309	0.305555555556	0.305555555556
KPNA1	8	0.305555555556	0.305555555556
TUBGCP5	696	0.75	0.75
LZTR1	569	0.555555555556	0.555555555556
AES	778	0.305555555556	0.305555555556
GNAO1	67	0.305555555556	0.305555555556
DOCK1	513	0.305555555556	0.305555555556
DOCK6	168	0.305555555556	0.305555555556
CARM1	752	0.888888888889	0.888888888889
CD209	267	0.555555555556	0.555555555556
ITGA10	268	0.555555555556	0.555555555556
ACSBG2	163	0.972222222222	0.972222222222
SEPT5	711	0.75	0.75
TNFRSF18	347	0.305555555556	0.305555555556
CHD1L	602	1.0	1.0
VPS37D	324	0.555555555556	0.555555555556
TFRC	177	0.75	0.75
HLA_DRA	90	0.305555555556	0.305555555556
PNPLA6	85	0.555555555556	0.555555555556
RBM33	NA	NA	NA
TRPM1	89	0.555555555556	0.555555555556
EPHB1	387	0.555555555556	0.555555555556
PRKAB2	277	0.75	0.75
TRRAP	717	0.888888888889	0.888888888889
MRPL4	220	0.888888888889	0.888888888889
PTPN3	786	0.305555555556	0.305555555556
GPR89A	NA	NA	NA
KY	41	0.888888888889	0.888888888889
NAA16	NA	NA	NA
LCT	94	0.75	0.75
RARG	368	0.888888888889	0.888888888889
RBFOX1	669	0.305555555556	0.305555555556
OTOA	NA	NA	NA
SAFB2	522	0.305555555556	0.305555555556
ATP6V1G2	116	0.75	0.75
ZP3	673	0.75	0.75
TOP3B	130	0.75	0.75
STX1A	218	0.972222222222	0.972222222222
MYOM2	0	1.0	1.0
HSPB1	585	0.888888888889	0.888888888889
MYO1F	207	1.0	1.0
DOHH	793	0.305555555556	0.305555555556
MAGEC1	83	1.0	1.0
TBX1	306	0.305555555556	0.305555555556
TBX6	320	0.555555555556	0.555555555556
KRT4	183	1.0	1.0
BCORL1	707	0.888888888889	0.888888888889
SNORD84	635	0.888888888889	0.888888888889
SH3GL1	165	0.972222222222	0.972222222222
BCR	59	0.305555555556	0.305555555556
EHMT1	781	0.305555555556	0.305555555556
EHMT2	494	0.555555555556	0.555555555556
ZNF530	NA	NA	NA
RBM8A	735	0.555555555556	0.555555555556
PGBD1	390	0.555555555556	0.555555555556
CD82	119	0.305555555556	0.305555555556
LY6G6D	603	1.0	1.0
LY6G6E	29	0.305555555556	0.305555555556
LY6G6F	141	0.305555555556	0.305555555556
ICAM4	112	0.75	0.75
ICAM3	439	0.305555555556	0.305555555556
ICAM1	224	0.305555555556	0.305555555556
DUS3L	98	0.75	0.75
C2	280	0.972222222222	0.972222222222
BCL7B	568	0.305555555556	0.305555555556
FBXO45	253	0.888888888889	0.888888888889
NDUFA7	559	1.0	1.0
CCDC39	302	0.305555555556	0.305555555556
TSSK2	NA	NA	NA
ZNRD1	797	0.75	0.75
NUP54	472	0.305555555556	0.305555555556
WDR11	418	0.305555555556	0.305555555556
AGPAT1	443	0.305555555556	0.305555555556
CSNK2B	529	0.305555555556	0.305555555556
RECK	375	0.75	0.75
CYFIP1	500	0.305555555556	0.305555555556
DTX2	498	0.972222222222	0.972222222222
BIRC6	367	0.305555555556	0.305555555556
LIMK1	17	0.75	0.75
EIF5	493	0.305555555556	0.305555555556
MAP2K2	314	0.305555555556	0.305555555556
KIAA1524	326	0.305555555556	0.305555555556
MAP2K7	117	0.888888888889	0.888888888889
MDH2	700	1.0	1.0
NLRC5	783	0.555555555556	0.555555555556
PIN1	438	0.305555555556	0.305555555556
KLF13	490	0.305555555556	0.305555555556
KLF12	172	0.75	0.75
IFT57	556	0.75	0.75
RNF32	305	0.305555555556	0.305555555556
KIF22	620	0.305555555556	0.305555555556
MLLT1	294	1.0	1.0
NT5C2	715	0.972222222222	0.972222222222
DPP6	362	0.888888888889	0.888888888889
PDZK1	363	0.888888888889	0.888888888889
MPND	NA	NA	NA
SLC44A2	463	0.555555555556	0.555555555556
ZBTB7A	586	0.555555555556	0.555555555556
NRGN	3	0.75	0.75
CEP63	668	1.0	1.0
MCM6	71	0.972222222222	0.972222222222
ZNF74	713	0.305555555556	0.305555555556
SERPINA3	773	0.75	0.75
RAB11B	725	1.0	1.0
NFATC2IP	274	0.888888888889	0.888888888889
ALDOA	283	0.972222222222	0.972222222222
SERPINA4	193	0.555555555556	0.555555555556
INO80E	282	1.0	1.0
SLC7A5P1	651	0.305555555556	0.305555555556
CASP4	144	0.75	0.75
TAF7L	159	0.75	0.75
SNAPC2	680	0.305555555556	0.305555555556
INA	675	0.555555555556	0.555555555556
RPH3A	330	0.305555555556	0.305555555556
KANK2	14	0.972222222222	0.972222222222
EDEM2	NA	NA	NA
ATF6B	764	0.75	0.75
CD19	771	0.305555555556	0.305555555556
UFD1L	787	0.305555555556	0.305555555556
ILF3	219	0.75	0.75
WBP4	676	1.0	1.0
TRAT1	654	0.305555555556	0.305555555556
LAT2	78	0.305555555556	0.305555555556
GLRX5	514	1.0	1.0
PLK3	155	0.75	0.75
FAM132A	286	0.75	0.75
GSC	52	0.555555555556	0.555555555556
GOLGA6L2	NA	NA	NA
ZNF77	554	1.0	1.0
CANX	478	0.305555555556	0.305555555556
DGCR8	334	0.305555555556	0.305555555556
PPT1	776	0.555555555556	0.555555555556
PPT2	191	0.75	0.75
RYR2	429	0.972222222222	0.972222222222
TLE2	742	0.75	0.75
HLA_DQB1	414	0.305555555556	0.305555555556
EIF3CL	263	0.305555555556	0.305555555556
HTR7	211	0.888888888889	0.888888888889
ZKSCAN3	762	0.75	0.75
QTRT1	340	0.305555555556	0.305555555556
ATG2B	NA	NA	NA
UBR5	555	0.305555555556	0.305555555556
KCTD13	75	0.555555555556	0.555555555556
H2AFV	298	0.75	0.75
CSPG4	176	0.888888888889	0.888888888889
MBTPS1	549	0.305555555556	0.305555555556
ROBO3	495	0.888888888889	0.888888888889
PCGF6	759	1.0	1.0
ROBO4	523	1.0	1.0
MSRA	336	1.0	1.0
CLIC1	632	0.888888888889	0.888888888889
ZKSCAN4	384	0.305555555556	0.305555555556
RNF5	114	0.555555555556	0.555555555556
HIRIP3	366	0.305555555556	0.305555555556
HTR5A	457	0.305555555556	0.305555555556
TRIM39	194	0.305555555556	0.305555555556
NCAPG2	55	1.0	1.0
TBRG1	666	0.972222222222	0.972222222222
TRAK1	NA	NA	NA
MACF1	312	0.972222222222	0.972222222222
CDKN2D	682	0.75	0.75
DCP1B	770	1.0	1.0
DNM2	647	0.305555555556	0.305555555556
KRI1	557	0.75	0.75
KBTBD6	NA	NA	NA
SCNN1D	541	1.0	1.0
STYXL1	NA	NA	NA
NKAPL	266	0.305555555556	0.305555555556
TNXB	604	0.305555555556	0.305555555556
CAP1	19	1.0	1.0
THBS1	212	0.75	0.75
SKIV2L	328	0.305555555556	0.305555555556
UBXN6	180	1.0	1.0
UBXN7	767	0.305555555556	0.305555555556
PTPRN2	171	0.972222222222	0.972222222222
MTRF1	532	0.888888888889	0.888888888889
SIRT6	434	0.305555555556	0.305555555556
STAG1	389	1.0	1.0
METTL9	605	0.305555555556	0.305555555556
ANKRD24	NA	NA	NA
SLC26A8	228	0.305555555556	0.305555555556
KIAA1109	NA	NA	NA
FSD1	567	0.972222222222	0.972222222222
SYNGAP1	722	0.305555555556	0.305555555556
PMP22	453	0.75	0.75
USMG5	150	0.972222222222	0.972222222222
PRODH	410	1.0	1.0
RAB3D	103	0.305555555556	0.305555555556
SNORD19B	395	0.75	0.75
OR4M2	91	0.555555555556	0.555555555556
ESAM	542	0.305555555556	0.305555555556
MCOLN1	798	0.75	0.75
KDM5C	598	0.305555555556	0.305555555556
MATK	511	0.305555555556	0.305555555556
MCPH1	24	0.75	0.75
NCF1	257	0.305555555556	0.305555555556
WBSCR27	614	0.305555555556	0.305555555556
SMCHD1	501	0.888888888889	0.888888888889
WBSCR28	329	0.75	0.75
NOM1	102	0.75	0.75
MUC5B	440	1.0	1.0
USP18	540	0.305555555556	0.305555555556
CCDC101	524	0.75	0.75
TICAM1	525	0.888888888889	0.888888888889
TMED1	NA	NA	NA
FZD9	275	0.75	0.75
GP1BB	393	0.305555555556	0.305555555556
MAPK3	252	0.305555555556	0.305555555556
HNRNPM	185	0.305555555556	0.305555555556
PML	244	0.555555555556	0.555555555556
RABEP2	NA	NA	NA
C6orf48	622	0.555555555556	0.555555555556
TBXA2R	561	0.305555555556	0.305555555556
ELN	563	0.888888888889	0.888888888889
OTUD7A	NA	NA	NA
COL9A2	437	0.75	0.75
C3	206	0.305555555556	0.305555555556
C6orf25	111	0.555555555556	0.555555555556
VWA3A	NA	NA	NA
PSPN	129	0.555555555556	0.555555555556
VPS35	44	0.555555555556	0.555555555556
ATCAY	360	0.305555555556	0.305555555556
HIRA	262	0.555555555556	0.555555555556
VPS39	350	1.0	1.0
PAPPA2	121	0.972222222222	0.972222222222
PIAS3	327	0.305555555556	0.305555555556
FDX1L	465	0.972222222222	0.972222222222
PIAS4	105	0.305555555556	0.305555555556
HLA_G	421	0.75	0.75
HLA_A	665	0.305555555556	0.305555555556
HLA_C	319	0.555555555556	0.555555555556
MYCL1	743	0.555555555556	0.555555555556
CPSF3L	753	0.555555555556	0.555555555556
HSPA1B	249	0.305555555556	0.305555555556
HSPA1A	370	0.305555555556	0.305555555556
CIT	371	0.305555555556	0.305555555556
ELF1	594	0.555555555556	0.555555555556
DSCAM	592	0.555555555556	0.555555555556
PUSL1	704	0.305555555556	0.305555555556
HSPA1L	703	0.75	0.75
SERPINA1	316	0.75	0.75
SRP54	295	0.888888888889	0.888888888889
UPK3B	NA	NA	NA
SERPINA6	655	0.75	0.75
CDR2	NA	NA	NA
SEMA6B	534	0.305555555556	0.305555555556
UBQLN1	432	0.305555555556	0.305555555556
BRPF1	142	1.0	1.0
DAPK3	732	0.305555555556	0.305555555556
ZNF558	512	0.305555555556	0.305555555556
LONP1	489	0.555555555556	0.555555555556
MLXIPL	693	0.305555555556	0.305555555556
GGT2	449	0.75	0.75
TNF	343	0.888888888889	0.888888888889
SNRPN	579	0.972222222222	0.972222222222
DENND1C	21	1.0	1.0
CLTCL1	539	0.305555555556	0.305555555556
LRG1	310	0.888888888889	0.888888888889
CHD4	619	0.972222222222	0.972222222222
NFIC	64	0.305555555556	0.305555555556
SBNO1	485	0.972222222222	0.972222222222
PTPRS	179	0.305555555556	0.305555555556
RPL36	650	0.555555555556	0.555555555556
CD160	72	0.305555555556	0.305555555556
RNF168	499	0.555555555556	0.555555555556
LDLR	558	0.305555555556	0.305555555556
CREB3L3	23	0.305555555556	0.305555555556
GNA15	137	0.305555555556	0.305555555556
DGCR14	255	0.305555555556	0.305555555556
GNA11	36	0.305555555556	0.305555555556
PTPRM	698	0.555555555556	0.555555555556
