2.56704980843
2.60728744939
2.72307692308
2.75409836066
2.63503649635
2.71698113208
2.68725868726
2.63117870722
2.38345864662
2.55072463768
2.72440944882
2.87346938776
2.71794871795
2.59315589354
2.65338645418
2.56842105263
2.57794676806
2.78326996198
2.72058823529
2.59498207885
2.47101449275
2.77272727273
2.79853479853
2.77099236641
2.55072463768
2.6015037594
2.52434456929
2.71936758893
2.69201520913
3.03125
2.54887218045
3.14403292181
2.71641791045
2.83333333333
2.56834532374
2.48461538462
2.63076923077
2.70992366412
2.64661654135
2.51320754717
2.56842105263
3.07949790795
2.8031496063
2.76923076923
2.47619047619
2.63272727273
2.71485943775
2.8132780083
2.58992805755
2.72586872587
2.83464566929
2.65660377358
2.46594982079
2.59848484848
3.14403292181
2.57831325301
2.61660079051
2.99173553719
2.73846153846
3.0406504065
2.61363636364
2.72727272727
2.7072243346
2.5401459854
2.53992395437
2.57358490566
2.58992805755
2.52014652015
2.74349442379
2.58498023715
2.60483870968
2.68401486989
2.65660377358
2.54615384615
2.86776859504
2.72941176471
2.63670411985
2.83464566929
2.54609929078
2.50936329588
2.78326996198
2.5468164794
2.71814671815
2.76642335766
2.8031496063
2.62256809339
2.68725868726
2.62040816327
2.99173553719
2.78518518519
2.90983606557
2.8
2.56818181818
2.58992805755
2.8416988417
2.87179487179
2.56842105263
2.60392156863
2.57142857143
2.69433962264
2.60483870968
2.86776859504
2.49027237354
2.60606060606
2.63601532567
2.8
2.6992481203
2.56910569106
2.71532846715
2.6171875
2.71272727273
2.90196078431
2.66914498141
2.53992395437
2.59848484848
2.52363636364
2.72941176471
2.52434456929
2.55944055944
2.72093023256
2.62548262548
2.7380952381
2.61538461538
2.6015037594
2.77821011673
2.944
2.68401486989
2.74725274725
2.65625
2.59854014599
2.76923076923
2.77108433735
2.40449438202
2.55172413793
2.60392156863
2.7072243346
2.55272727273
2.75720164609
2.75092936803
2.63503649635
2.59622641509
2.47101449275
2.57254901961
2.8031496063
2.696
2.52363636364
2.70992366412
2.92116182573
2.75471698113
2.9842519685
2.73764258555
2.59622641509
2.73517786561
2.89494163424
2.81124497992
2.70149253731
2.816
2.67164179104
2.55905511811
2.8046875
2.90625
2.75409836066
2.73003802281
2.84363636364
2.54183266932
2.63670411985
2.68592057762
2.65909090909
2.75889328063
3.04280155642
2.37313432836
2.57692307692
2.58041958042
2.67615658363
2.55944055944
2.62015503876
2.55272727273
2.67657992565
2.73134328358
2.55474452555
2.62548262548
2.58461538462
2.752
2.74349442379
2.44444444444
2.56390977444
2.59848484848
2.57936507937
2.88188976378
2.62256809339
2.70110701107
2.70036101083
2.39716312057
2.60606060606
2.47101449275
2.7380952381
2.76
2.60073260073
2.77611940299
2.6496350365
2.57777777778
2.63601532567
2.64341085271
2.56818181818
2.52363636364
2.54609929078
2.61960784314
2.72222222222
2.96875
2.83650190114
2.52873563218
2.53754940711
2.66932270916
2.87704918033
2.83333333333
2.632
2.63309352518
2.7468879668
2.73228346457
2.67391304348
2.71936758893
2.42066420664
2.55601659751
2.63358778626
2.61654135338
2.86776859504
2.54887218045
2.55384615385
2.83464566929
2.88259109312
2.66914498141
2.88188976378
2.61832061069
2.68725868726
2.7072243346
2.55970149254
2.95238095238
2.60836501901
2.7803030303
2.7803030303
2.67450980392
2.55639097744
2.77394636015
2.48
2.76691729323
2.62121212121
2.75090252708
2.78321678322
2.63799283154
2.9140625
2.57992565056
2.67175572519
2.58365758755
2.51908396947
2.80158730159
2.69662921348
2.66935483871
2.59479553903
2.83794466403
2.51492537313
2.62256809339
3.06882591093
2.62015503876
2.68401486989
2.65151515152
2.6884057971
2.70036101083
2.86776859504
2.77490774908
3.03125
2.74615384615
2.52173913043
2.75362318841
2.62761506276
2.47619047619
2.59315589354
2.70542635659
2.59712230216
2.67669172932
2.8
2.71375464684
2.6992481203
2.59574468085
2.47101449275
2.52173913043
2.68401486989
2.90181818182
2.73134328358
2.70866141732
2.48854961832
2.42066420664
2.6171875
2.6962962963
2.85375494071
2.92883895131
2.90625
2.63076923077
2.57936507937
2.65427509294
2.52363636364
2.77821011673
2.58992805755
2.7969924812
2.55633802817
2.76923076923
2.71936758893
2.79562043796
2.45210727969
2.67615658363
2.63272727273
2.72941176471
2.72093023256
2.70943396226
2.61654135338
2.5468164794
2.63492063492
2.79352226721
2.71272727273
2.74329501916
2.75471698113
2.72580645161
2.5234375
2.47619047619
2.56115107914
2.7326007326
2.48905109489
2.52964426877
2.42066420664
2.87096774194
2.47619047619
2.61654135338
2.57992565056
2.44776119403
2.65703971119
2.6962962963
2.72093023256
2.52173913043
2.84
2.71631205674
2.75090252708
2.36101083032
2.66129032258
2.8416988417
3.08403361345
2.67883211679
2.78048780488
2.75757575758
2.75409836066
2.88259109312
2.64615384615
2.51428571429
2.53754940711
2.56818181818
2.63529411765
2.87179487179
2.77272727273
2.67755102041
2.77099236641
2.82304526749
2.90983606557
2.81081081081
2.84363636364
2.62676056338
2.70038910506
2.74349442379
2.68421052632
2.51908396947
2.8
2.66666666667
3.03937007874
2.7984496124
2.69090909091
2.5078125
2.61654135338
2.71485943775
2.71378091873
2.50199203187
2.6511627907
2.70866141732
2.7326007326
2.463878327
2.46494464945
2.81481481481
2.51470588235
2.75294117647
2.71936758893
2.36101083032
2.71586715867
2.81481481481
2.68164794007
2.64864864865
2.62121212121
2.81481481481
2.69662921348
2.68852459016
2.58498023715
2.72084805654
2.70498084291
2.792
2.84132841328
2.69696969697
2.65917602996
2.48
2.72941176471
2.50936329588
2.62406015038
2.60805860806
2.59541984733
2.8132780083
2.944
2.61960784314
2.70542635659
2.5234375
2.59712230216
2.72941176471
2.70498084291
2.43703703704
2.47101449275
2.72222222222
2.70119521912
2.87179487179
2.68164794007
2.83941605839
2.67615658363
2.55639097744
2.48461538462
2.65625
2.67175572519
2.83650190114
2.65637065637
2.94222222222
2.58365758755
2.52964426877
2.84
2.73858921162
2.63601532567
2.58992805755
2.73134328358
2.77042801556
2.69372693727
2.72941176471
2.84251968504
2.57936507937
2.81124497992
2.52964426877
2.42066420664
2.70036101083
2.81081081081
2.83333333333
2.79051383399
2.63670411985
2.82987551867
2.70769230769
2.52873563218
2.68592057762
2.71586715867
2.81967213115
2.57794676806
2.72084805654
2.84496124031
2.74698795181
2.60223048327
2.70119521912
2.53787878788
2.60674157303
2.66932270916
2.58064516129
2.83773584906
2.55303030303
2.71323529412
2.55639097744
2.7265625
2.67450980392
2.62548262548
2.61654135338
2.58041958042
2.66914498141
2.68164794007
2.91666666667
2.95546558704
2.68401486989
2.55639097744
2.55384615385
2.70110701107
2.75098814229
2.49042145594
2.95546558704
2.60392156863
2.51320754717
2.87301587302
2.67193675889
2.60483870968
2.67657992565
2.68164794007
2.56834532374
2.64885496183
2.50199203187
