3.31662870159
3.49115044248
3.49430523918
3.47136563877
3.42920353982
3.69794050343
3.51397849462
3.41825902335
3.53467561521
3.4192139738
3.42365591398
3.32450331126
3.4
3.3127753304
3.26068376068
3.39445628998
3.4799154334
3.29621380846
3.53436807095
3.57802197802
3.42857142857
3.48672566372
3.32769556025
3.38461538462
3.54767184035
3.34354485777
3.44857768053
3.40305010893
3.4525862069
3.35593220339
3.47415730337
3.28051391863
3.54222222222
3.35632183908
3.28918322296
3.46485260771
3.44104803493
3.59471365639
3.31662870159
3.32340425532
3.29680365297
3.34640522876
3.26696832579
3.38738738739
3.45887445887
3.43891402715
3.42857142857
3.43412526998
3.55251141553
3.43707093822
3.51893095768
3.42290748899
3.39366515837
3.28227571116
3.42350332594
3.36720554273
3.38496583144
3.63076923077
3.26666666667
3.41685649203
3.51927437642
3.29684210526
3.43243243243
3.18568232662
3.54017857143
3.48063781321
3.29310344828
3.59154929577
3.57494407159
3.31415929204
3.53982300885
3.22100656455
3.4347826087
3.35412026726
3.21681415929
3.44347826087
3.28172043011
3.35593220339
3.38596491228
3.37236533958
3.33052631579
3.51605995717
3.41125541126
3.41276595745
3.46102449889
3.30341880342
3.50537634409
3.60570071259
3.32279909707
3.60739030023
3.54935622318
3.49561403509
3.56599552573
3.43412526998
3.27192982456
3.33760683761
3.44247787611
3.52125279642
3.40434782609
3.44444444444
3.35135135135
3.72058823529
3.37610619469
3.52424942263
3.35390946502
3.52608695652
3.38565022422
3.33035714286
3.49234135667
3.27695560254
3.59041394336
3.49122807018
3.19469026549
3.44827586207
3.51724137931
3.27192982456
3.48796498906
3.44
3.52759381898
3.53318077803
3.45777777778
3.34640522876
3.3986636971
3.54195011338
3.45374449339
3.69710467706
3.52993348115
3.54298642534
3.44104803493
3.19230769231
3.40375586854
3.33622559653
3.38364779874
3.30283224401
3.27397260274
3.63362068966
3.23451327434
3.32210526316
3.44782608696
3.39278131635
3.44902386117
3.17333333333
3.39491916859
3.1829787234
3.32714617169
3.53846153846
3.2921108742
3.45376344086
3.42857142857
3.43412526998
3.35
3.36123348018
3.37855579869
3.59471365639
3.46341463415
3.34684684685
3.33056133056
3.35384615385
3.43404255319
3.32166301969
3.44
3.72157772622
3.28784648188
3.41891891892
3.40528634361
3.45777777778
3.42920353982
3.53318077803
3.56696428571
3.40210526316
3.33045356371
3.50326797386
3.34597156398
3.59534883721
3.33045356371
3.36465324385
3.35412026726
3.46485260771
3.63436123348
3.52863436123
3.50222222222
3.45689655172
3.44298245614
3.5550660793
3.55555555556
3.48993288591
3.56696428571
3.37446808511
3.47210300429
3.35849056604
3.49333333333
3.3642384106
3.47619047619
3.42388758782
3.34773218143
3.42920353982
3.34354485777
3.31415929204
3.44827586207
3.38738738739
3.5873015873
3.48660714286
3.47884187082
3.28918322296
3.55251141553
3.36666666667
3.36105032823
3.3376344086
3.56086956522
3.29102844639
3.42489270386
3.41891891892
3.47297297297
3.38850574713
3.50434782609
3.41496598639
3.38352941176
3.45
3.47136563877
3.39407744875
3.46341463415
3.35593220339
3.41860465116
3.52558139535
3.46352941176
3.59465478842
3.36218678815
3.30283224401
3.36384439359
3.42489270386
3.48775055679
3.41276595745
3.4202247191
3.3642384106
3.57456140351
3.31818181818
3.46948356808
3.43555555556
3.51376146789
3.29310344828
3.39565217391
3.23173277662
3.47933884298
3.30041152263
3.37610619469
3.27397260274
3.52759381898
3.4703196347
3.49659863946
3.27191011236
3.4762979684
3.48471615721
3.58333333333
3.40182648402
3.47111111111
3.41891891892
3.49450549451
3.45814977974
3.4762979684
3.51264367816
3.33035714286
3.36384439359
3.58314855876
3.34773218143
3.42920353982
3.42152466368
3.58314855876
3.57494407159
3.36036036036
3.27695560254
3.59645232816
3.40425531915
3.48796498906
3.24078091106
3.42857142857
3.36199095023
3.47085201794
3.47692307692
3.4678111588
3.62811791383
3.4762979684
3.58758314856
3.33333333333
3.45995423341
3.3185840708
3.36016949153
3.30341880342
3.30785562633
3.3127753304
3.61173814898
3.36563876652
3.4799154334
3.41721854305
3.41964285714
3.60538116592
3.59633027523
3.36666666667
3.43412526998
3.50892857143
3.46460176991
3.52073732719
3.24336283186
3.45689655172
3.3652173913
3.31634819533
3.23173277662
3.29955947137
3.25431034483
3.38758029979
3.46818181818
3.33188720174
3.43555555556
3.31728665208
3.35947712418
3.41592920354
3.4565701559
3.24078091106
3.42920353982
3.51893095768
3.41825902335
3.28035320088
3.44292237443
3.60739030023
3.55555555556
3.48660714286
3.38565022422
3.36170212766
3.29684210526
3.63362068966
3.43710021322
3.51020408163
3.431670282
3.48858447489
3.39647577093
3.39090909091
3.47807017544
3.31818181818
3.38864628821
3.38392857143
3.16075156576
3.33481152993
3.35123042506
3.5873015873
3.71945701357
3.45689655172
3.53091684435
3.43421052632
3.4930875576
3.26905829596
3.4606741573
3.60747663551
3.36363636364
3.46341463415
3.29460580913
3.34903640257
3.34773218143
3.53777777778
3.53097345133
3.49333333333
3.56853932584
3.34801762115
3.54401805869
3.47196261682
3.51473922902
3.41891891892
3.45898004435
3.38864628821
3.57494407159
3.37872340426
3.39473684211
3.31896551724
3.41309255079
3.36016949153
3.40133037694
3.44827586207
3.42272727273
3.49783549784
3.37527114967
3.55456570156
3.52232142857
3.39647577093
3.38839285714
3.41422594142
3.34782608696
3.35384615385
3.30543933054
3.47210300429
3.57207207207
3.46352941176
3.46895074946
3.42857142857
3.42388758782
3.49227373068
3.35123042506
3.33766233766
3.32300884956
3.56086956522
3.4224137931
3.26754385965
3.5
3.41463414634
3.1847133758
3.2972972973
3.36666666667
3.44034707158
3.46428571429
3.27192982456
3.38461538462
3.19383259912
3.45762711864
3.49891067538
3.53777777778
3.55555555556
3.42342342342
3.24078091106
3.25531914894
3.52608695652
3.3982300885
3.35099337748
3.52608695652
3.27695560254
3.58758314856
3.50755939525
3.35593220339
3.45898004435
3.39393939394
3.39240506329
3.28344671202
3.54298642534
3.52759381898
3.33333333333
3.48993288591
3.48775055679
3.59465478842
3.38802660754
3.36036036036
3.52759381898
3.32279909707
3.61818181818
3.51264367816
3.32307692308
3.42342342342
3.43171806167
3.39325842697
3.43370786517
3.35384615385
3.36218678815
3.22100656455
3.59633027523
3.39647577093
3.2094017094
3.45887445887
3.34375
3.66666666667
3.43875278396
3.40528634361
3.34047109208
3.54464285714
3.41964285714
3.67567567568
3.24078091106
3.58758314856
3.41387024609
3.33622559653
3.38496583144
3.61818181818
3.55210643016
3.47747747748
3.32307692308
3.36771300448
3.47178329571
3.25213675214
3.28364389234
3.45494505495
3.19823788546
3.39224137931
3.42477876106
3.42789598109
3.33195020747
3.73913043478
3.43518518519
3.47807017544
3.71945701357
3.39278131635
3.65057471264
3.34782608696
3.53097345133
3.45814977974
3.32603938731
3.63436123348
3.45689655172
3.47767857143
3.1875
3.53467561521
3.55361050328
3.36748329621
3.47196261682
3.34666666667
