GENE	REGION	P_uncorrected	P_corrected
UBL5	100	0.75	0.75
NKAPL	266	0.75	0.75
NCBP2	679	0.75	0.75
AP1M2	548	0.75	0.75
NIPA2	313	0.75	0.75
TMCO2	173	0.75	0.75
ZDHHC19	92	1.0	1.0
ABHD11	482	1.0	1.0
CDRT4	739	0.75	0.75
STK19	565	0.75	0.75
ASPHD1	678	0.75	0.75
CLEC4G	576	0.75	0.75
TYK2	385	0.75	0.75
SCNN1D	541	1.0	1.0
DLG1	131	0.75	0.75
DLG2	20	0.75	0.75
SAMD11	265	0.75	0.75
PPP4C	217	0.75	0.75
ZNF700	271	0.75	0.75
CAMK4	240	0.75	0.75
MRPL54	210	1.0	1.0
RTN4R	209	0.75	0.75
SPN	779	0.75	0.75
OR7D2	768	0.75	0.75
KDM2B	424	0.75	0.75
NIPA1	718	0.75	0.75
OR7D4	311	0.75	0.75
DOC2A	6	0.75	0.75
BDKRB1	164	0.75	0.75
B3GALT6	407	0.75	0.75
ZNF44	638	0.75	0.75
GSC2	496	0.75	0.75
LARP7	535	0.75	0.75
ARHGEF18	77	0.75	0.75
POLR3GL	506	0.75	0.75
GIF	143	0.75	0.75
MACROD2	140	0.75	0.75
MUC16	10	1.0	1.0
ALS2CL	227	1.0	1.0
COMMD9	587	1.0	1.0
C19orf52	551	0.75	0.75
GTF2F1	338	0.75	0.75
LST1	571	0.75	0.75
FKBPL	657	1.0	1.0
CLDN4	42	0.75	0.75
MAZ	315	0.75	0.75
TRAPPC5	190	0.75	0.75
SNAP29	196	0.75	0.75
PRR22	616	0.75	0.75
ANGPTL6	284	0.75	0.75
MTMR10	408	1.0	1.0
HLA_DQA1	518	0.75	0.75
RHBDD2	170	1.0	1.0
ZNF763	617	0.75	0.75
LAT	628	0.75	0.75
GPR115	50	1.0	1.0
ZSCAN12	48	1.0	1.0
ZSCAN16	733	1.0	1.0
RASGRP1	251	0.75	0.75
ZNF192	613	0.75	0.75
ATP2A1	25	0.75	0.75
TCF4	344	0.75	0.75
RRP1B	695	1.0	1.0
PRRT1	451	1.0	1.0
ITGA6	234	0.75	0.75
MLL3	672	1.0	1.0
GTF3C1	671	0.75	0.75
COL3A1	750	0.75	0.75
SIRT6	434	0.75	0.75
XPO6	65	0.75	0.75
APOM	376	1.0	1.0
FBXL12	124	0.75	0.75
ISG15	39	0.75	0.75
TNFRSF4	800	0.75	0.75
GTF2I	578	0.75	0.75
CCL25	232	0.75	0.75
CCL24	16	0.75	0.75
CCL26	468	0.75	0.75
EEF2K	364	0.75	0.75
ZNF229	413	0.75	0.75
PCGF6	759	0.75	0.75
C8orf42	515	1.0	1.0
PAXIP1	744	0.75	0.75
PPP1R11	631	0.75	0.75
SDF4	127	0.75	0.75
ZNRF4	361	1.0	1.0
TP53I11	464	0.75	0.75
ZDHHC8	618	0.75	0.75
ANO9	381	0.75	0.75
GPSM3	640	0.75	0.75
ZNF426	448	0.75	0.75
C22orf29	292	0.75	0.75
GPX5	691	0.75	0.75
HS3ST3B1	422	1.0	1.0
GPX6	560	0.75	0.75
NCF1C	677	0.75	0.75
HES4	93	1.0	1.0
PIK3CB	349	0.75	0.75
ECSIT	291	0.75	0.75
MYH10	630	0.75	0.75
ACP5	629	0.75	0.75
ACP6	61	0.75	0.75
CACNA1C	745	0.75	0.75
MYH15	308	0.75	0.75
KLHL22	538	0.75	0.75
PAG1	43	0.75	0.75
PUSL1	704	1.0	1.0
TLE6	726	0.75	0.75
NBPF1	392	0.75	0.75
RETN	425	0.75	0.75
SSBP3	789	1.0	1.0
ANKRD35	477	0.75	0.75
MKRN3	706	0.75	0.75
PRKCSH	239	0.75	0.75
CYFIP1	500	0.75	0.75
SLC4A8	13	1.0	1.0
POLI	581	0.75	0.75
CDIPT	582	0.75	0.75
VARS	626	0.75	0.75
HIC2	790	0.75	0.75
CDC37	181	0.75	0.75
SPDYE5	18	1.0	1.0
RNF115	780	0.75	0.75
SAP30BP	636	0.75	0.75
GLTPD1	653	0.75	0.75
BIRC6	367	0.75	0.75
ERICH1	335	1.0	1.0
MVP	248	0.75	0.75
LAMA1	458	1.0	1.0
LAMA2	358	0.75	0.75
ARVCF	28	0.75	0.75
IGFL2	686	1.0	1.0
PLCL2	9	1.0	1.0
PMP22	453	1.0	1.0
SULT1A3	11	1.0	1.0
SULT1A2	593	0.75	0.75
SPIB	96	0.75	0.75
LTB	452	0.75	0.75
LTA	332	0.75	0.75
SH2B1	454	0.75	0.75
ABCG4	697	0.75	0.75
PRAM1	430	0.75	0.75
C19orf10	775	0.75	0.75
GPR153	242	1.0	1.0
BDKRB2	730	0.75	0.75
SCARF2	287	1.0	1.0
APBA3	288	0.75	0.75
APBA2	68	0.75	0.75
SMARCA4	751	0.75	0.75
IL21R	378	0.75	0.75
AK7	610	0.75	0.75
SLC17A1	270	0.75	0.75
ABT1	125	0.75	0.75
PBRM1	487	1.0	1.0
EBI3	470	0.75	0.75
C16orf54	597	0.75	0.75
DHX8	254	0.75	0.75
MORC1	203	1.0	1.0
SPCS1	462	1.0	1.0
IGSF6	138	0.75	0.75
SPNS1	394	1.0	1.0
CHAF1A	528	0.75	0.75
SH2D3A	740	0.75	0.75
NLRC5	783	1.0	1.0
RB1CC1	710	1.0	1.0
OR8A1	160	1.0	1.0
FRG1	599	1.0	1.0
NUP153	643	0.75	0.75
RDH8	134	1.0	1.0
IFT81	135	0.75	0.75
CLIP2	444	0.75	0.75
SLIT1	782	1.0	1.0
NDNL2	151	0.75	0.75
RGS12	777	0.75	0.75
NCR3	728	0.75	0.75
FBN3	147	0.75	0.75
PRSS16	148	0.75	0.75
OR2Z1	237	0.75	0.75
CRB3	724	0.75	0.75
ATG4D	607	0.75	0.75
TRIP10	107	0.75	0.75
P2RY1	106	0.75	0.75
GNB1L	763	0.75	0.75
TCL1B	664	0.75	0.75
TCL1A	552	0.75	0.75
DDX10	365	1.0	1.0
THAP7	208	0.75	0.75
MUSTN1	80	0.75	0.75
DPYD	600	0.75	0.75
CDRT15	721	0.75	0.75
AIF1	687	0.75	0.75
KIF13A	156	0.75	0.75
FUT5	736	0.75	0.75
ANK3	188	0.75	0.75
FUT3	318	0.75	0.75
ZNF391	369	1.0	1.0
EEF2	66	0.75	0.75
TSPAN18	591	1.0	1.0
TRIM10	303	0.75	0.75
TGM6	250	0.75	0.75
PPP2R3C	1	1.0	1.0
ZNF625	719	0.75	0.75
TSPAN16	226	0.75	0.75
SFMBT1	411	0.75	0.75
CCDC151	400	1.0	1.0
WBSCR27	614	0.75	0.75
MARCH2	456	0.75	0.75
CHRFAM7A	192	0.75	0.75
DOM3Z	627	0.75	0.75
WBSCR22	720	0.75	0.75
ADAMTS3	63	0.75	0.75
HLA_DRB1	62	0.75	0.75
HLA_DRB3	516	0.75	0.75
HLA_DRB4	737	0.75	0.75
HLA_DRB5	195	0.75	0.75
CCDC15	233	1.0	1.0
ZNF266	355	1.0	1.0
NDUFA11	709	0.75	0.75
URB2	796	0.75	0.75
HMG20B	471	0.75	0.75
ZMPSTE24	641	0.75	0.75
TEP1	683	0.75	0.75
RIMBP3B	99	1.0	1.0
CXCR4	562	0.75	0.75
ZG16	87	1.0	1.0
TRAT1	654	0.75	0.75
C17orf49	474	0.75	0.75
ARRDC5	681	1.0	1.0
BAZ1B	56	0.75	0.75
TBL2	300	0.75	0.75
PEX11G	299	0.75	0.75
FBXO7	769	1.0	1.0
RAB27B	15	0.75	0.75
CSMD3	509	1.0	1.0
RFX3	4	0.75	0.75
STXBP2	46	0.75	0.75
TM4SF19	297	1.0	1.0
TAS1R3	649	1.0	1.0
YIPF2	296	0.75	0.75
DDAH2	427	0.75	0.75
ZNF699	508	0.75	0.75
POM121C	278	0.75	0.75
ZNF177	656	0.75	0.75
TNFAIP8L1	136	1.0	1.0
NEU1	784	1.0	1.0
EMR1	491	0.75	0.75
EMR3	30	0.75	0.75
VSIG2	386	1.0	1.0
ITIH1	757	0.75	0.75
ZNF20	455	1.0	1.0
GPR89A	785	0.75	0.75
ZBTB7A	586	0.75	0.75
C7orf13	473	0.75	0.75
FAM189A1	118	0.75	0.75
C19orf66	187	0.75	0.75
NEK4	553	0.75	0.75
ZFR2	307	0.75	0.75
PLA2G12B	204	0.75	0.75
KHSRP	339	0.75	0.75
ZNF165	182	1.0	1.0
MCOLN1	798	0.75	0.75
EN2	637	1.0	1.0
ARHGAP15	623	1.0	1.0
VN1R4	281	0.75	0.75
PPP1R14D	58	1.0	1.0
CLDN3	372	0.75	0.75
TXNRD2	259	0.75	0.75
CLDN5	486	0.75	0.75
NRTN	258	0.75	0.75
ZNF184	57	1.0	1.0
QPRT	466	0.75	0.75
RPP21	530	1.0	1.0
NUPR1	788	0.75	0.75
GTF2IRD1	351	0.75	0.75
GTF2IRD2	589	0.75	0.75
EMR4P	397	0.75	0.75
INTS10	382	0.75	0.75
SHD	433	0.75	0.75
EIF4H	54	0.75	0.75
SHH	545	0.75	0.75
KDM5C	598	1.0	1.0
SERPIND1	189	0.75	0.75
TUBB2B	609	0.75	0.75
EPOR	153	0.75	0.75
RETNLB	49	0.75	0.75
GJA8	380	0.75	0.75
C6orf47	615	0.75	0.75
CCDC108	497	1.0	1.0
COX10	214	0.75	0.75
ALKBH7	670	0.75	0.75
TMEM219	537	0.75	0.75
GUCA1C	692	1.0	1.0
SERPINA12	543	0.75	0.75
HFE2	321	0.75	0.75
CD70	104	0.75	0.75
PI4KA	774	0.75	0.75
HTN3	642	0.75	0.75
HTN1	285	1.0	1.0
RFC2	178	0.75	0.75
PIGX	60	0.75	0.75
CSMD1	279	0.75	0.75
TREM2	162	0.75	0.75
TXNIP	256	0.75	0.75
ITIH3	708	0.75	0.75
PANX3	484	0.75	0.75
ELAVL1	149	0.75	0.75
ZBTB12	115	0.75	0.75
IFT140	230	0.75	0.75
FASTKD5	235	0.75	0.75
S1PR2	460	0.75	0.75
NOC2L	101	0.75	0.75
DNAJB6	221	0.75	0.75
S1PR5	588	0.75	0.75
S1PR4	794	0.75	0.75
AZI2	22	1.0	1.0
C22orf39	419	0.75	0.75
FBXO25	564	0.75	0.75
ZNF433	293	0.75	0.75
RANBP1	84	0.75	0.75
RANBP3	758	0.75	0.75
CLIC5	729	0.75	0.75
C1orf159	526	1.0	1.0
HHLA2	748	1.0	1.0
KLHL17	81	0.75	0.75
VMAC	688	1.0	1.0
UBE3C	705	0.75	0.75
DAB2IP	32	0.75	0.75
TRIT1	646	0.75	0.75
COL5A3	584	1.0	1.0
PEX11B	661	0.75	0.75
MTOR	398	0.75	0.75
NUDT17	475	0.75	0.75
SND1	685	1.0	1.0
CMC1	108	1.0	1.0
C19orf70	572	0.75	0.75
UHRF1	2	0.75	0.75
TAOK2	690	0.75	0.75
TAOK3	459	1.0	1.0
TJP3	546	0.75	0.75
TJP1	186	0.75	0.75
PIP5K1C	409	0.75	0.75
ZNF439	415	0.75	0.75
LRRC33	747	0.75	0.75
ACTL9	648	0.75	0.75
IRS1	645	0.75	0.75
LY6G5C	423	0.75	0.75
LY6G5B	352	0.75	0.75
GDPD3	388	0.75	0.75
NSMCE1	504	0.75	0.75
TUB	261	0.75	0.75
SLC7A5P1	651	1.0	1.0
XAB2	260	0.75	0.75
PRDX6	570	0.75	0.75
MSH5	684	0.75	0.75
INSR	222	0.75	0.75
AGRN	765	1.0	1.0
CYP17A1	428	0.75	0.75
RNF39	317	0.75	0.75
RNF32	305	0.75	0.75
CD320	341	0.75	0.75
P2RY2	689	0.75	0.75
RAVER1	169	0.75	0.75
FUT6	503	1.0	1.0
RGL3	714	0.75	0.75
DDHD2	247	0.75	0.75
POR	479	0.75	0.75
EVC2	139	1.0	1.0
KDM4B	5	0.75	0.75
VIPR2	128	0.75	0.75
MED15	712	0.75	0.75
NFKBIL1	123	0.75	0.75
BCL9	596	0.75	0.75
XPR1	95	0.75	0.75
YWHAG	110	0.75	0.75
FEM1A	566	0.75	0.75
SNURF	325	0.75	0.75
CYP21A2	290	0.75	0.75
PRKCB	289	0.75	0.75
LSM2	166	1.0	1.0
ZNF69	269	0.75	0.75
CEACAM18	483	1.0	1.0
KBTBD11	161	1.0	1.0
CYTH1	488	0.75	0.75
PAPOLA	37	1.0	1.0
BDH1	38	0.75	0.75
CLEC4M	467	0.75	0.75
NOTCH4	322	0.75	0.75
TUFM	639	0.75	0.75
NRIP1	577	0.75	0.75
ZNF790	441	1.0	1.0
TCTEX1D2	199	0.75	0.75
WBP4	676	1.0	1.0
TIMM44	74	0.75	0.75
ZNF653	333	1.0	1.0
ANGPTL4	625	0.75	0.75
P2RX6	749	0.75	0.75
PCCB	716	0.75	0.75
TEKT5	536	1.0	1.0
EPB41L4B	502	0.75	0.75
AGER	33	0.75	0.75
RAPGEF6	342	0.75	0.75
POLR3E	337	0.75	0.75
POLR3C	699	0.75	0.75
IL27	476	0.75	0.75
FAM8A1	663	1.0	1.0
PTPN3	786	0.75	0.75
CCDC94	404	0.75	0.75
DNMT1	403	0.75	0.75
DCC	402	0.75	0.75
DLGAP2	621	0.75	0.75
STAP2	146	0.75	0.75
DLGAP1	383	0.75	0.75
DGCR6L	652	0.75	0.75
WDR60	238	0.75	0.75
CLN8	145	0.75	0.75
TBC1D14	795	1.0	1.0
FMO5	346	0.75	0.75
MFI2	791	0.75	0.75
CLMN	412	1.0	1.0
SLC25A1	205	0.75	0.75
OR4N4	573	0.75	0.75
CNNM2	26	0.75	0.75
HMGCR	766	0.75	0.75
DICER1	264	0.75	0.75
PCYT1A	273	0.75	0.75
TCL6	40	0.75	0.75
ADCY7	272	1.0	1.0
CNN1	520	0.75	0.75
DZIP3	517	0.75	0.75
FCER2	158	0.75	0.75
ANKRD34A	727	0.75	0.75
CARD6	416	0.75	0.75
F2R	309	0.75	0.75
KPNA1	8	0.75	0.75
TUBGCP5	696	0.75	0.75
METTL9	605	0.75	0.75
LZTR1	569	0.75	0.75
AES	778	0.75	0.75
GNAO1	67	0.75	0.75
DOCK1	513	0.75	0.75
DOCK6	168	0.75	0.75
CARM1	752	0.75	0.75
CD209	267	0.75	0.75
ITGA10	268	0.75	0.75
ACSBG2	163	1.0	1.0
SEPT5	711	0.75	0.75
FAM13C	354	1.0	1.0
CTXN1	377	1.0	1.0
TNFRSF18	347	0.75	0.75
CHD1L	602	0.75	0.75
KEAP1	723	0.75	0.75
TEKT3	772	0.75	0.75
VPS37D	324	0.75	0.75
USP41	213	1.0	1.0
TFRC	177	0.75	0.75
HLA_DRA	90	0.75	0.75
PNPLA6	85	0.75	0.75
RBM33	86	1.0	1.0
TRPM1	89	0.75	0.75
EPHB1	387	0.75	0.75
PRKAB2	277	0.75	0.75
TRRAP	717	0.75	0.75
MRPL4	220	0.75	0.75
GPR89B	201	0.75	0.75
GPR89C	435	0.75	0.75
BTNL2	200	0.75	0.75
KY	41	0.75	0.75
NAA16	174	0.75	0.75
LCT	94	0.75	0.75
CCDC137	761	1.0	1.0
RARG	368	0.75	0.75
RBFOX1	669	0.75	0.75
OTOA	405	0.75	0.75
SAFB2	522	0.75	0.75
GNRHR2	612	0.75	0.75
ATP6V1G2	116	0.75	0.75
MBD3L1	69	0.75	0.75
MBD3L2	606	0.75	0.75
ZP3	673	0.75	0.75
TOP3B	130	0.75	0.75
STX1A	218	0.75	0.75
MYOM2	0	0.75	0.75
EIF3C	611	0.75	0.75
ZNF136	446	0.75	0.75
HSPB1	585	0.75	0.75
MYO1F	207	0.75	0.75
DOHH	793	0.75	0.75
MAGEC1	83	1.0	1.0
OLFM2	420	1.0	1.0
TBX1	306	0.75	0.75
TBX6	320	0.75	0.75
KRT4	183	0.75	0.75
BCORL1	707	1.0	1.0
SNORD84	635	0.75	0.75
SH3GL1	165	0.75	0.75
BCR	59	0.75	0.75
EHMT1	781	0.75	0.75
EHMT2	494	0.75	0.75
ZNF530	391	0.75	0.75
RBM8A	735	0.75	0.75
PGBD1	390	0.75	0.75
CD82	119	0.75	0.75
LY6G6D	603	1.0	1.0
LY6G6E	29	0.75	0.75
LY6G6F	141	1.0	1.0
ICAM4	112	0.75	0.75
RABEP2	12	0.75	0.75
TMEM205	7	0.75	0.75
ICAM1	224	0.75	0.75
DUS3L	98	0.75	0.75
C2	280	0.75	0.75
BCL7B	568	0.75	0.75
FBXO45	253	1.0	1.0
NDUFA7	559	0.75	0.75
CCDC39	302	1.0	1.0
TSSK2	198	0.75	0.75
RIMBP3	197	1.0	1.0
ZNRD1	797	0.75	0.75
TNFSF9	659	0.75	0.75
NUP54	472	0.75	0.75
HSD11B1L	243	0.75	0.75
ACTR3B	450	0.75	0.75
ZNF480	583	0.75	0.75
WDR11	418	1.0	1.0
AGPAT1	443	0.75	0.75
GSG1L	701	0.75	0.75
ZSCAN23	399	0.75	0.75
CSNK2B	529	0.75	0.75
RECK	375	0.75	0.75
TRIM73	184	0.75	0.75
DTX2	498	0.75	0.75
SPATA22	236	1.0	1.0
GPRIN3	229	0.75	0.75
LIMK1	17	0.75	0.75
EIF5	493	0.75	0.75
MAP2K2	314	0.75	0.75
KIAA1524	326	1.0	1.0
MAP2K7	117	0.75	0.75
MDH2	700	0.75	0.75
GTF2IRD2B	461	0.75	0.75
PIN1	438	0.75	0.75
C1orf185	799	0.75	0.75
KLF13	490	0.75	0.75
KLF12	172	1.0	1.0
IFT57	556	0.75	0.75
HIP1	79	0.75	0.75
KIF22	620	1.0	1.0
MLLT1	294	0.75	0.75
MCCD1	738	0.75	0.75
DPP9	31	0.75	0.75
GLT8D1	507	1.0	1.0
SERPINA11	755	1.0	1.0
POMZP3	304	1.0	1.0
NT5C2	715	0.75	0.75
DPP6	362	0.75	0.75
PDZK1	363	0.75	0.75
MPND	301	0.75	0.75
SLC44A2	463	0.75	0.75
STAC2	353	1.0	1.0
NRGN	3	0.75	0.75
CEP63	668	1.0	1.0
MCM6	71	0.75	0.75
ZNF74	713	0.75	0.75
SERPINA3	773	0.75	0.75
CDR2	431	0.75	0.75
NFATC2IP	274	0.75	0.75
ALDOA	283	0.75	0.75
UPK3B	113	1.0	1.0
PIGZ	505	0.75	0.75
INO80E	282	0.75	0.75
ZNF804A	634	0.75	0.75
CASP4	144	0.75	0.75
TAF7L	159	1.0	1.0
SNAPC2	680	0.75	0.75
SRRM3	345	1.0	1.0
INA	675	0.75	0.75
RPH3A	330	1.0	1.0
KANK2	14	0.75	0.75
KANK3	595	0.75	0.75
TMIGD2	76	1.0	1.0
EDEM2	531	0.75	0.75
ATF6B	764	0.75	0.75
CD19	771	0.75	0.75
UFD1L	787	0.75	0.75
ILF3	219	0.75	0.75
OR7G1	445	0.75	0.75
SPA17	760	0.75	0.75
HECTD1	533	0.75	0.75
LAT2	78	0.75	0.75
ELOF1	734	0.75	0.75
GLRX5	514	0.75	0.75
PLK3	155	0.75	0.75
FAM132A	286	0.75	0.75
GSC	52	0.75	0.75
MRPL40	660	0.75	0.75
GOLGA6L2	45	0.75	0.75
C2CD3	401	1.0	1.0
C6orf10	357	0.75	0.75
ZNF77	554	0.75	0.75
CANX	478	0.75	0.75
DGCR8	334	0.75	0.75
ATG2B	662	1.0	1.0
PPT1	776	0.75	0.75
PPT2	191	0.75	0.75
RYR2	429	0.75	0.75
DGCR6	157	0.75	0.75
SIAE	674	0.75	0.75
TLE2	742	0.75	0.75
HLA_DQB1	414	0.75	0.75
C1orf170	47	1.0	1.0
EIF3CL	263	0.75	0.75
ENPP4	379	0.75	0.75
ENPP5	231	0.75	0.75
FCGBP	792	1.0	1.0
HTR7	211	0.75	0.75
ZKSCAN3	762	1.0	1.0
QTRT1	340	0.75	0.75
GIPC3	527	1.0	1.0
UBR5	555	0.75	0.75
KCTD13	75	0.75	0.75
EVI5L	644	1.0	1.0
H2AFV	298	0.75	0.75
WDR53	550	0.75	0.75
ZNF441	175	1.0	1.0
CSPG4	176	0.75	0.75
ADAMTS10	521	0.75	0.75
ROBO3	495	0.75	0.75
MBTPS1	549	0.75	0.75
ROBO4	523	0.75	0.75
MSRA	336	1.0	1.0
CLIC1	632	0.75	0.75
ZKSCAN4	384	0.75	0.75
ZNF568	152	1.0	1.0
ZNF565	241	1.0	1.0
RNF5	114	0.75	0.75
PSG2	133	1.0	1.0
ZNF561	132	0.75	0.75
ZNF560	225	1.0	1.0
HTR5A	457	0.75	0.75
TRIM39	194	1.0	1.0
NCAPG2	55	1.0	1.0
TBRG1	666	0.75	0.75
TRIM31	323	0.75	0.75
MACF1	312	0.75	0.75
CDKN2D	682	0.75	0.75
CCDC68	447	1.0	1.0
TMEM120A	331	0.75	0.75
DCP1B	770	0.75	0.75
DNM2	647	0.75	0.75
CCDC84	480	0.75	0.75
KRI1	557	0.75	0.75
KBTBD6	373	0.75	0.75
FAM177A1	120	1.0	1.0
SRCRB4D	348	0.75	0.75
UBE3A	35	0.75	0.75
TNXB	604	0.75	0.75
CAP1	19	0.75	0.75
CAP2	88	0.75	0.75
THBS1	212	0.75	0.75
SKIV2L	328	0.75	0.75
UBXN6	180	0.75	0.75
UBXN7	767	0.75	0.75
PTPRN2	171	0.75	0.75
MTRF1	532	0.75	0.75
C16orf62	154	0.75	0.75
STAG1	389	0.75	0.75
DNAJC30	510	0.75	0.75
CPSF3L	753	0.75	0.75
CAPS	519	1.0	1.0
ZNF823	27	0.75	0.75
ANKRD24	97	1.0	1.0
SLC26A8	228	1.0	1.0
SBK1	223	0.75	0.75
SEZ6L2	702	0.75	0.75
KIAA1109	374	1.0	1.0
TRIM40	246	0.75	0.75
FAM57B	216	0.75	0.75
SYNGAP1	722	0.75	0.75
TAF5	215	0.75	0.75
USMG5	150	1.0	1.0
PRODH	410	0.75	0.75
TNF	343	0.75	0.75
SNORD19B	395	0.75	0.75
OR4M2	91	0.75	0.75
ESAM	542	0.75	0.75
AIFM3	396	0.75	0.75
HIRIP3	366	0.75	0.75
MATK	511	0.75	0.75
NBPF12	624	0.75	0.75
MCPH1	24	0.75	0.75
NCF1	257	0.75	0.75
LY6G6C	481	0.75	0.75
SMCHD1	501	0.75	0.75
WBSCR28	329	0.75	0.75
RAB11B	725	0.75	0.75
NOM1	102	0.75	0.75
MUC5B	440	0.75	0.75
USP18	540	0.75	0.75
CCDC101	524	0.75	0.75
TICAM1	525	0.75	0.75
MSL2	406	0.75	0.75
TMED1	417	0.75	0.75
FZD9	275	0.75	0.75
ZNF627	276	0.75	0.75
GP1BB	393	0.75	0.75
MAPK3	252	0.75	0.75
HNRNPM	185	0.75	0.75
GTDC1	34	1.0	1.0
PML	244	0.75	0.75
ICAM3	439	0.75	0.75
C6orf48	622	1.0	1.0
TRAK1	547	1.0	1.0
PI4KAP2	601	0.75	0.75
LRRC8E	426	0.75	0.75
TBXA2R	561	0.75	0.75
ELN	563	0.75	0.75
OTUD7A	608	0.75	0.75
STYXL1	580	1.0	1.0
PAQR3	756	1.0	1.0
COL9A2	437	0.75	0.75
STAG3L2	442	0.75	0.75
STAG3L1	202	1.0	1.0
OR1M1	436	1.0	1.0
C3	206	0.75	0.75
IL4R	658	0.75	0.75
UNC13C	73	1.0	1.0
C6orf25	111	0.75	0.75
VWA3A	53	1.0	1.0
PSPN	129	1.0	1.0
VPS35	44	1.0	1.0
ATCAY	360	0.75	0.75
HIRA	262	0.75	0.75
VPS39	350	1.0	1.0
PAPPA2	121	1.0	1.0
PPAN	746	0.75	0.75
PIAS3	327	0.75	0.75
FDX1L	465	0.75	0.75
PIAS4	105	0.75	0.75
HLA_G	421	0.75	0.75
HLA_A	665	0.75	0.75
HLA_C	319	0.75	0.75
MYCL1	743	0.75	0.75
ZNF317	82	0.75	0.75
HSPA1B	249	0.75	0.75
HSPA1A	370	0.75	0.75
CIT	371	1.0	1.0
ELF1	594	1.0	1.0
DSCAM	592	1.0	1.0
PLEKHN1	356	1.0	1.0
HSPA1L	703	0.75	0.75
SERPINA1	316	0.75	0.75
SRP54	295	1.0	1.0
SERPINA4	193	0.75	0.75
SERPINA6	655	0.75	0.75
SERPINA9	109	0.75	0.75
SEMA6B	534	1.0	1.0
UBQLN1	432	1.0	1.0
ZNF556	70	1.0	1.0
BRPF1	142	1.0	1.0
ZNF555	633	0.75	0.75
TRIML2	754	0.75	0.75
TTLL10	167	0.75	0.75
TRIML1	544	1.0	1.0
ZNF414	51	1.0	1.0
DAPK3	732	0.75	0.75
ZNF558	512	0.75	0.75
ZNF559	731	0.75	0.75
RAX2	245	1.0	1.0
LONP1	489	0.75	0.75
KIAA0556	694	0.75	0.75
ZNF121	492	1.0	1.0
MLXIPL	693	0.75	0.75
SULT1A1	469	0.75	0.75
LIX1L	126	0.75	0.75
ACAP3	590	1.0	1.0
GGT2	449	0.75	0.75
RAB3D	103	0.75	0.75
SNRPN	579	0.75	0.75
DENND1C	21	0.75	0.75
CLTCL1	539	0.75	0.75
LRG1	310	0.75	0.75
PTPRM	698	1.0	1.0
CHD4	619	0.75	0.75
NFIC	64	0.75	0.75
SBNO1	485	0.75	0.75
BOLA2	741	0.75	0.75
PTPRS	179	0.75	0.75
RPL36	650	0.75	0.75
CD160	72	0.75	0.75
SLC7A4	667	0.75	0.75
RNF168	499	0.75	0.75
LDLR	558	0.75	0.75
CREB3L3	23	0.75	0.75
GNA15	137	0.75	0.75
DGCR14	255	0.75	0.75
GNA11	36	0.75	0.75
AHNAK2	574	1.0	1.0
OR2B2	575	1.0	1.0
FSD1	567	1.0	1.0
SPATA5	122	0.75	0.75
