335
322
354
336
361
360
348
346
317
352
346
352
371
341
333
366
339
366
370
362
341
366
382
363
352
346
337
344
354
388
339
382
364
374
357
323
342
355
352
333
366
368
356
360
338
362
338
339
360
353
360
352
344
343
382
321
331
362
356
374
345
360
356
348
334
341
360
344
369
327
323
361
352
331
347
348
352
360
359
335
366
340
352
379
356
337
348
321
362
376
355
357
339
360
368
392
366
332
324
357
323
347
320
344
344
357
359
316
372
335
373
370
359
334
343
347
348
337
366
351
340
345
323
346
357
368
361
375
340
356
360
345
321
333
332
356
351
335
370
361
344
341
328
356
337
347
355
352
365
379
360
344
346
372
350
362
352
358
325
359
372
336
359
391
319
352
372
351
349
391
318
335
369
376
366
338
351
360
366
350
340
336
344
369
319
341
343
325
366
337
366
374
338
344
341
345
345
355
372
363
348
344
341
339
347
359
334
343
380
373
330
321
335
351
374
329
366
331
347
369
344
328
308
345
348
347
339
332
360
356
359
366
343
348
356
343
372
343
367
367
341
340
362
341
368
346
381
398
368
373
347
350
332
330
353
360
331
349
359
337
337
379
338
361
350
371
374
347
376
388
357
348
380
314
338
341
349
361
356
371
365
359
366
341
348
361
399
366
344
326
328
335
364
361
391
372
342
325
357
347
357
360
372
363
360
344
383
320
376
362
348
351
359
348
340
332
345
373
358
365
338
323
338
356
373
341
320
328
356
338
348
347
328
368
364
351
319
355
383
381
327
330
368
367
367
399
364
336
356
344
352
321
339
336
392
366
328
363
343
355
364
391
373
347
369
357
330
371
368
386
361
370
321
348
338
384
314
342
344
373
324
334
342
342
351
344
327
368
342
358
343
346
342
360
328
327
385
353
349
385
356
355
341
348
335
349
356
340
339
368
334
349
323
361
348
353
329
341
343
339
392
358
389
376
340
323
340
350
373
344
331
332
320
355
330
344
360
366
356
365
348
361
325
350
320
328
374
364
357
353
352
341
352
330
372
368
344
339
385
367
342
350
339
335
348
335
320
376
337
369
340
349
341
340
348
369
359
358
350
365
361
340
332
366
348
325
365
332
333
362
338
323
360
358
357
347
314
