106.197879859
112.509734513
115.775
117.248658318
118.534050179
123.275985663
118.156028369
114.991212654
109.898550725
118.744680851
106.943060498
129.014184397
116.913669065
112.297723292
110.021238938
110.14059754
119.837251356
110.759098787
114.353982301
118.844765343
112.346902655
114.355239787
114.933098592
118.144366197
118.348591549
121.567375887
117.014084507
109.328646749
116.665486726
120.81754386
109.824561404
139.334519573
115.5
118.150877193
113.867857143
113.381882771
107.518453427
125.243243243
121.871886121
109.214285714
110.14059754
131.893617021
111.840425532
119.832442068
115.747779751
106.738515901
115.494809689
119.096774194
105.553956835
115.604278075
118.951871658
112.160714286
112.125899281
108.344463972
139.642857143
117.253571429
111.427046263
121.207885305
110.666666667
121.673179396
119.151515152
119.808510638
115.680851064
110.818018018
109.785714286
109.114695341
105.389587074
116.505376344
121.438721137
113.492907801
109.903398927
120.06360424
112.321428571
120.452762923
118.128571429
121.388489209
105.29787234
119.146428571
115.857397504
109.217857143
124.060176991
114.326241135
117.632432432
115.823321555
128.627240143
111.444839858
118.156028369
113.019400353
121.200716846
113.525483304
110.783068783
111.45229682
114.488495575
105.564748201
126.448833034
125.267256637
110.14059754
117.762411348
122.35335689
123.010676157
109.903398927
117.555950266
111.862433862
123.558348294
116.563734291
111.45229682
112.112280702
122.496402878
111.971580817
117.340463458
114.886925795
111.105633803
121.228873239
114.946619217
108.161403509
118.620567376
121.646209386
117.399293286
116.007104796
114.382826476
112.543209877
118.5
108.690017513
121.772646536
124.514285714
135.224416517
120.265486726
119.692579505
121.103074141
119.953321364
119.424511545
117.012522361
109.946524064
110.323159785
116.498220641
122.483754513
110.330960854
116.2
115.71886121
118.588868941
115.919014085
115.854351687
114.5
127.609236234
115.028469751
118.620567376
125.454873646
121.362162162
120.695340502
116.90647482
115.304042179
116.059964727
115.177737882
115.314487633
108.145132743
119.879432624
122.973730298
114.225402504
111.70212766
121.467857143
120.305506217
116.007005254
123.636690647
118.734767025
123.56036036
105.125663717
115.228828829
112.375670841
131.126559715
121.165775401
106.651162791
109.953982301
121.614035088
114.828070175
115.610619469
115.525483304
110.21669627
114.471631206
115.025
113.062166963
112.543209877
115.8994614
118.702702703
121.565836299
115.316814159
115.598553345
111.538461538
114.107334526
124.939501779
111.444839858
112.221033868
110.975438596
115.381370826
124.372513562
109.864285714
118.706306306
113.784832451
119.806104129
130.323741007
119.051327434
111.309481216
116.161001789
114.142348754
119.001788909
118.620567376
115.470692718
112.814414414
110.234042553
116.707360862
120.816112084
112.142348754
111.679144385
125.265597148
129.229129663
117.362369338
119.873188406
111.387096774
113.485008818
110.183783784
120.962162162
109.517605634
97.7607142857
116.964285714
115.095070423
103.90070922
117.555950266
109.985940246
115.456483126
113.789661319
115.10516934
121.001757469
124.900355872
111.109540636
118.734402852
115.486725664
114.487544484
123.278863233
114.895943563
110.6816609
110.493955095
106.315789474
113.942754919
122.165765766
109.467153285
109.412587413
114.115107914
120.698181818
130.832740214
112.699472759
114.233215548
118.257142857
110.089766607
111.397163121
118.29443447
114.611599297
122.260714286
117.188509874
109.892086331
113.742857143
115.508833922
111.444839858
132.695957821
115.525483304
120.269026549
105.178130511
119.053003534
111.223198594
117.733096085
122.608540925
120.609457093
112.825783972
111.275
123.496453901
118.025362319
114.75
112.101398601
111.764298094
105.926315789
113.382716049
116.581436077
119.985915493
112.228471002
117.454545455
112.346902655
111.083778966
120.269026549
124.050724638
115.347670251
113.012658228
114.736283186
97.7607142857
111.217699115
111.989417989
116.854092527
122.429078014
120.516014235
110.917107584
114.304659498
118.955277281
118.620567376
124.478571429
105.364452424
125.836065574
121.262032086
119.424511545
115.803921569
115.550442478
110.264492754
115.572438163
106.738515901
121.603603604
117.85198556
115.550802139
104.445632799
112.517730496
112.032258065
118.459074733
114.886925795
123.419469027
119.701598579
123.236749117
106.26929982
115.619893428
116.118918919
118.06993007
112.692579505
116.740072202
97.7924865832
112.616487455
114.75
104.259786477
118.59391771
118.163410302
111.839160839
111.802816901
117.392857143
109.029772329
129.397111913
122.144665461
120.508166969
113.410714286
116.535901926
126.672661871
132.559714795
114.275618375
130.939501779
118.154929577
115.975481611
115.506261181
111.092173913
112.120141343
112.057245081
118.994633274
111.536541889
125.267256637
114.355239787
111.845884413
118.144366197
120.330373002
110.783068783
117.804618117
118.039145907
113.860465116
118.737967914
121.438721137
114.1669627
117.753571429
117.301587302
111.863636364
127.796791444
127.967914439
119.978609626
109.003584229
104.784946237
115.494809689
121.888288288
111.96
111.768683274
112.929475588
118.06993007
110.688057041
108.84078712
113.561403509
118.601423488
114.965765766
115.273049645
113.212121212
117.869026549
113.199300699
124.455197133
111.669626998
114.490974729
113.164335664
123.107913669
117.194244604
113.155477032
113.295575221
115.548500882
120.190305206
128.350626118
110.943262411
110.798586572
111.923211169
121.819494585
108.297345133
114.03539823
107.527728086
112.248686515
119.521582734
135.224416517
112.848920863
112.024347826
118.460144928
105.629370629
115.807829181
115.338028169
118.156305506
116.25311943
114.187387387
110.868794326
125.267256637
122.834813499
117.830630631
114.828070175
114.348294434
114.135957066
120.9566787
110.57400722
120.816112084
109.533568905
119.8330373
111.045936396
123.31294964
128.964028777
117.778181818
116.161001789
105.389587074
115.025
119.82300885
118.998223801
116.010695187
116.875
114.301075269
107.957597173
123.517117117
97.7607142857
111.355633803
118.4
119.456834532
118.28057554
105.484902309
113.178321678
115.874551971
112.142348754
115.043165468
121.981884058
120.491103203
120.644808743
113.102473498
124.899641577
121.163701068
112.450805009
110.868794326
118.4
110.362989324
125.049822064
117.452593918
116.976744186
119.567084079
117.618374558
121.6
117.709156194
106.315789474
112.734982332
104.081705151
121.803163445
121.019332162
122.834813499
125.85840708
126.580985915
120.06360424
121.476868327
115.333333333
112.221033868
113.301247772
113.009041591
127.210619469
117.762411348
109.051693405
125.814285714
110.959435626
110.265709156
116.042105263
124.455197133
111.212653779
109.418772563
111.930909091
