PROTEIN	NUM_BINDERS	P_VALUE	P_VALUE_CORRECTED
HSPA2	2	0.6	1.0
ELANE	8	0.166666666667	1.0
AGL	2	0.6	1.0
NCBP1	8	0.6	1.0
NCBP2	7	1.0	1.0
HSPA4	5	1.0	1.0
NIPA2	2	0.166666666667	1.0
NIPA1	2	0.4	1.0
HSPA8	5	0.4	1.0
HIST1H4A	3	0.6	1.0
AGA	2	0.2	1.0
B2M	9	0.166666666667	1.0
IGKC	2	0.8	1.0
ADIPOQ	3	0.8	1.0
HIST1H4F	3	0.4	1.0
DERL1	2	0.166666666667	1.0
HKDC1	2	0.6	1.0
PIK3CA	27	0.166666666667	1.0
PIK3CB	14	0.166666666667	1.0
PIK3CD	11	0.166666666667	1.0
PIK3CG	13	0.166666666667	1.0
SNAPC2	3	0.166666666667	1.0
TMEM53	3	0.166666666667	1.0
CBLC	7	0.166666666667	1.0
DHX9	5	0.2	1.0
SIRPA	2	0.2	1.0
SP1	10	0.2	1.0
MUC1	2	1.0	1.0
NUP93	5	0.2	1.0
MUC6	2	0.8	1.0
POLR3GL	6	0.166666666667	1.0
PPP2R2B	2	0.8	1.0
SFRP1	2	0.6	1.0
PIK3C3	2	0.166666666667	1.0
PTRH1	3	0.2	1.0
COL7A1	3	0.4	1.0
MAX	8	0.4	1.0
WHSC2	2	0.6	1.0
MAZ	3	0.166666666667	1.0
PDE5A	2	0.4	1.0
ACLY	3	0.4	1.0
CTBP2	2	0.166666666667	1.0
ITGA8	7	0.166666666667	1.0
ITGA9	7	0.2	1.0
ITGA1	7	0.166666666667	1.0
ITGA2	7	0.166666666667	1.0
ITGA3	10	0.166666666667	1.0
ITGA4	11	0.166666666667	1.0
ITGA5	7	0.2	1.0
ITGA6	7	0.2	1.0
ITGA7	6	0.2	1.0
TRHR	9	0.2	1.0
GTF3C2	4	0.166666666667	1.0
GTF3C1	5	0.166666666667	1.0
GTF3C5	4	0.166666666667	1.0
GTF3C4	4	0.166666666667	1.0
APOA1	3	0.6	1.0
APOA2	2	0.8	1.0
XPO1	6	1.0	1.0
XPO5	4	0.166666666667	1.0
LILRB2	4	0.166666666667	1.0
LILRB1	3	0.166666666667	1.0
KIR2DS3	2	0.166666666667	1.0
KIR2DS1	2	0.2	1.0
TTK	3	1.0	1.0
HRH4	9	0.166666666667	1.0
GRAP2	4	0.2	1.0
HRH3	9	0.2	1.0
HRH1	2	0.166666666667	1.0
CYTSA	3	0.4	1.0
GAR1	3	0.4	1.0
GRP	9	0.4	1.0
HMGCS1	2	0.2	1.0
COL4A6	5	0.6	1.0
COL4A5	5	0.2	1.0
COL4A4	5	0.166666666667	1.0
COL4A3	4	0.6	1.0
COL4A2	5	0.2	1.0
COL4A1	6	0.166666666667	1.0
TACR3	9	0.166666666667	1.0
TACR2	9	0.4	1.0
TACR1	9	0.2	1.0
DIMT1L	4	0.4	1.0
ITGAX	3	0.166666666667	1.0
RPS6KA1	3	0.166666666667	1.0
SNRPB2	5	0.4	1.0
RPS6KA5	3	0.2	1.0
ACO2	2	0.8	1.0
NOG	2	0.2	1.0
ITGAV	9	0.6	1.0
ATAD2	2	1.0	1.0
TCIRG1	2	0.2	1.0
ITGAL	4	0.2	1.0
ITGAM	6	0.166666666667	1.0
NR0B2	4	0.4	1.0
MIR3198	4	0.4	1.0
ITGAD	2	0.6	1.0
FOXC2	2	0.166666666667	1.0
GANAB	2	0.2	1.0
GHRH	3	0.4	1.0
CD40LG	2	0.8	1.0
SMAD9	2	0.2	1.0
NUP133	5	0.8	1.0
GHRL	2	0.4	1.0
LRPAP1	3	0.166666666667	1.0
SMAD5	2	0.8	1.0
SMAD7	2	0.8	1.0
SMAD1	2	0.4	1.0
SMAD2	10	0.2	1.0
SMAD3	4	0.6	1.0
EIF4E	12	0.166666666667	1.0
NDUFAF1	3	0.4	1.0
MTIF2	3	0.8	1.0
ZWILCH	2	0.8	1.0
CTH	2	0.6	1.0
GDAP2	2	0.2	1.0
ARF1	2	0.4	1.0
ARF6	3	0.6	1.0
SPARC	4	0.2	1.0
ARTN	5	0.166666666667	1.0
IRF2	5	0.2	1.0
GLP1R	3	0.8	1.0
MLN	8	0.2	1.0
TCEA1	4	0.2	1.0
SH2B2	3	0.166666666667	1.0
PRKAR1A	2	0.4	1.0
SH2B1	2	0.2	1.0
RNASEH2A	2	0.4	1.0
SAR1B	4	0.166666666667	1.0
OLIG2	2	0.2	1.0
RAB11FIP3	2	0.166666666667	1.0
BDKRB2	15	0.4	1.0
CEP170	2	0.4	1.0
MCF2L	3	0.166666666667	1.0
FGL2	2	0.4	1.0
SPP1	2	0.8	1.0
CDC45	7	1.0	1.0
CDC40	7	0.4	1.0
CDC42	12	0.166666666667	1.0
SPHK2	3	0.166666666667	1.0
SPHK1	2	0.6	1.0
IPO13	4	0.2	1.0
MLL	2	1.0	1.0
EEF1A2	3	0.166666666667	1.0
RBBP5	3	0.166666666667	1.0
NIP7	5	0.8	1.0
CHAF1A	3	0.8	1.0
CHAF1B	4	0.4	1.0
NFX1	6	0.6	1.0
RGS20	8	0.166666666667	1.0
IFT80	2	0.166666666667	1.0
EEA1	2	0.2	1.0
UBTF	4	0.2	1.0
BRIX1	6	0.4	1.0
CDCA2	2	1.0	1.0
CLIP1	3	0.8	1.0
CDCA7	2	0.8	1.0
MUC2	2	0.8	1.0
CDCA8	4	1.0	1.0
PFKM	2	0.4	1.0
UTS2	8	0.8	1.0
KISS1R	8	0.166666666667	1.0
MND1	2	1.0	1.0
MUC7	3	0.2	1.0
CD47	2	0.4	1.0
CD46	2	0.166666666667	1.0
CD40	6	0.2	1.0
FGFR1OP	4	0.8	1.0
PLB1	2	0.8	1.0
RPL29	8	0.6	1.0
EIF4E3	3	0.2	1.0
EIF4E2	3	0.166666666667	1.0
FXR1	2	0.166666666667	1.0
PNP	2	0.6	1.0
CFD	3	0.4	1.0
CFB	2	0.166666666667	1.0
CYB5A	2	0.2	1.0
RPL24	2	1.0	1.0
ATP6V0E1	2	0.2	1.0
ATP6V0E2	2	0.2	1.0
RPL27	8	0.8	1.0
WDR77	5	0.166666666667	1.0
SYTL4	2	0.166666666667	1.0
AAAS	5	0.166666666667	1.0
PCK1	3	0.8	1.0
SYTL1	3	0.166666666667	1.0
HAMP	4	0.166666666667	1.0
SYTL2	2	0.166666666667	1.0
PRPF8	8	0.166666666667	1.0
HDAC5	4	0.4	1.0
RPL22	8	0.6	1.0
PRPF4	5	0.8	1.0
PRPF6	4	0.2	1.0
PIWIL1	2	0.166666666667	1.0
PRL	2	1.0	1.0
LPCAT4	2	1.0	1.0
PCF11	4	0.4	1.0
RFC5	2	1.0	1.0
RELN	4	0.166666666667	1.0
RELA	12	0.8	1.0
PIP4K2A	2	0.8	1.0
PIP4K2C	2	0.4	1.0
PIP4K2B	2	0.8	1.0
PTH2R	3	0.6	1.0
KLK2	2	0.166666666667	1.0
THOC1	3	0.2	1.0
PDE8A	3	0.2	1.0
THOC4	7	0.2	1.0
RAB27A	3	0.166666666667	1.0
KIF15	2	1.0	1.0
APP	22	0.166666666667	1.0
RFX1	2	0.166666666667	1.0
CLDN14	6	0.166666666667	1.0
PAK4	3	0.166666666667	1.0
PAK6	2	0.2	1.0
ABCE1	3	1.0	1.0
UQCRC2	2	0.6	1.0
PAK1	3	0.6	1.0
PAK2	2	1.0	1.0
UQCRC1	2	1.0	1.0
NUP88	5	0.2	1.0
FOXP3	5	0.2	1.0
MYRIP	2	0.166666666667	1.0
MSL3	2	0.2	1.0
KHDRBS1	5	0.166666666667	1.0
NUP85	5	1.0	1.0
COPS5	3	0.6	1.0
CLDN15	6	0.166666666667	1.0
MED1	2	0.4	1.0
MED6	4	0.6	1.0
MED7	3	0.6	1.0
MED4	3	0.8	1.0
MED8	3	0.4	1.0
MED9	3	0.4	1.0
GAST	9	0.4	1.0
LHCGR	5	0.166666666667	1.0
CBX3	2	0.4	1.0
ADRB3	3	1.0	1.0
PRKG1	2	1.0	1.0
NPY	11	0.2	1.0
FDFT1	3	0.2	1.0
IARS2	2	0.8	1.0
IGF1	13	0.166666666667	1.0
TCF3	2	0.2	1.0
DLD	2	1.0	1.0
ARID2	2	0.2	1.0
NUDT2	4	0.2	1.0
NPFFR2	8	0.166666666667	1.0
NPFFR1	8	0.166666666667	1.0
BOP1	2	0.166666666667	1.0
IGFBP5	2	0.4	1.0
COL16A1	3	0.4	1.0
GJA1	8	0.166666666667	1.0
APLNR	9	0.6	1.0
CALML3	2	1.0	1.0
SST	9	0.8	1.0
CALML6	2	0.8	1.0
CALML5	3	0.6	1.0
MEF2C	3	0.8	1.0
PFN1	3	0.2	1.0
RSL24D1	2	1.0	1.0
MSLN	2	0.166666666667	1.0
ATP5A1	4	0.8	1.0
BTK	7	0.2	1.0
GAS6	2	0.6	1.0
NUTF2	3	0.166666666667	1.0
PDGFRB	3	0.8	1.0
PDGFRA	2	1.0	1.0
EIF4A1P4	2	0.4	1.0
AMPD3	2	0.8	1.0
RPLP2	8	0.6	1.0
RPLP1	8	0.166666666667	1.0
RPLP0	8	0.8	1.0
CBLB	9	0.166666666667	1.0
PRKAR2B	4	0.8	1.0
RACGAP1P	5	1.0	1.0
RARA	5	0.166666666667	1.0
NUP62	5	0.2	1.0
ITGA2B	8	0.166666666667	1.0
CSF1R	4	0.8	1.0
SNRPA1	5	0.2	1.0
TRADD	2	0.8	1.0
RPS6KB2	2	0.166666666667	1.0
ETF1	6	0.166666666667	1.0
MAPKSP1	2	0.2	1.0
CIB1	2	0.166666666667	1.0
SIPA1	2	0.166666666667	1.0
FBXW7	4	0.166666666667	1.0
TGFBR2	2	0.6	1.0
TGFBR1	2	1.0	1.0
NOP2	6	0.2	1.0
NUP107	5	0.8	1.0
UPP1	2	0.2	1.0
TMEM146	2	0.4	1.0
RPF1	3	0.2	1.0
ARHGEF1	2	0.8	1.0
TJP2	4	0.2	1.0
TJP3	4	0.2	1.0
TJP1	7	0.166666666667	1.0
PPAN	3	0.4	1.0
LY6G5B	2	0.2	1.0
RARB	2	0.6	1.0
PPAT	2	0.8	1.0
ISY1	2	0.166666666667	1.0
F2RL3	8	0.4	1.0
F2RL2	9	0.4	1.0
F2RL1	8	0.6	1.0
SNORA56	11	0.4	1.0
MAD2L1	5	1.0	1.0
TCEB3	2	0.6	1.0
TCEB2	2	1.0	1.0
TCEB1	3	1.0	1.0
AGRN	2	0.4	1.0
NFYB	2	0.6	1.0
NFYA	2	0.6	1.0
BAZ2A	2	0.166666666667	1.0
SMARCA1	2	0.4	1.0
SMARCA2	3	0.4	1.0
DRD1	3	0.8	1.0
SMARCA4	6	0.6	1.0
SMARCA5	4	0.4	1.0
FYB	2	0.4	1.0
AXIN1	4	1.0	1.0
TIPIN	2	1.0	1.0
MMRN1	2	0.2	1.0
FYN	16	0.2	1.0
ZAP70	7	0.166666666667	1.0
ST3GAL3	2	0.166666666667	1.0
CDC5L	2	0.6	1.0
RAC2	8	1.0	1.0
RAC3	7	0.8	1.0
RAC1	19	0.166666666667	1.0
VCL	2	0.8	1.0
VCP	4	0.2	1.0
COL6A1	5	0.166666666667	1.0
OLA1	2	0.6	1.0
AP2A1	4	0.4	1.0
AP2A2	3	0.8	1.0
GCGR	11	0.6	1.0
VASP	2	0.8	1.0
NPSR1	11	0.2	1.0
DPH1	2	0.166666666667	1.0
SUMO1P3	3	0.8	1.0
CALCR	3	0.8	1.0
NPY2R	9	0.4	1.0
CEP135	3	0.6	1.0
ARHGAP31	2	0.4	1.0
MED22	3	0.4	1.0
TADA2A	3	0.166666666667	1.0
TARS	2	0.8	1.0
CALCA	3	0.8	1.0
CALCB	3	0.6	1.0
COL6A6	2	0.4	1.0
TADA2B	3	0.166666666667	1.0
CD38	3	0.4	1.0
TM2D1	2	0.166666666667	1.0
IFI27	2	1.0	1.0
CD34	2	0.8	1.0
CD36	7	0.166666666667	1.0
UQCRQ	2	0.8	1.0
POLR3F	7	0.166666666667	1.0
POLR3G	7	0.166666666667	1.0
POLR3D	7	0.166666666667	1.0
POLR3E	6	0.166666666667	1.0
POLR3B	7	0.166666666667	1.0
POLR3C	8	0.166666666667	1.0
UQCRH	2	1.0	1.0
POLR3A	7	0.166666666667	1.0
UQCRB	2	1.0	1.0
POLR3K	8	0.166666666667	1.0
POLR3H	7	0.166666666667	1.0
DCN	8	0.166666666667	1.0
CACNA1I	3	0.166666666667	1.0
GPAM	2	0.2	1.0
CALM2	6	0.6	1.0
CALM3	5	0.8	1.0
CALM1	9	1.0	1.0
CACNA1A	3	0.166666666667	1.0
CACNA1B	4	0.8	1.0
CACNA1C	2	0.6	1.0
THRB	3	0.2	1.0
DCC	4	0.2	1.0
CACNA1F	3	0.6	1.0
TAOK1	2	1.0	1.0
DLGAP2	2	0.2	1.0
DLGAP1	3	0.166666666667	1.0
DLGAP4	2	0.166666666667	1.0
DLGAP5	4	1.0	1.0
ATP6V0D2	3	0.2	1.0
ATP6V0D1	3	0.6	1.0
CACNA1S	5	0.2	1.0
CUL1	6	1.0	1.0
CUL2	2	0.4	1.0
CUL3	3	0.6	1.0
COBRA1	2	1.0	1.0
TRIM28	4	0.4	1.0
OIP5	2	1.0	1.0
TRIM25	2	0.2	1.0
TRIM27	2	0.166666666667	1.0
CREB1	6	1.0	1.0
PRMT5	3	0.4	1.0
HMGCR	2	0.8	1.0
KSR1	4	0.2	1.0
KIR3DS1	2	0.4	1.0
PTPN13	4	0.166666666667	1.0
PTPN11	14	0.2	1.0
NPY1R	9	0.2	1.0
KAT5	5	0.6	1.0
GALR3	10	0.166666666667	1.0
F2R	11	0.166666666667	1.0
GALR1	9	0.2	1.0
QRFP	8	0.2	1.0
CD3D	8	0.166666666667	1.0
CD3E	8	0.2	1.0
CD3G	7	0.166666666667	1.0
CSF2RB	2	0.2	1.0
MRPL24	2	0.6	1.0
MRPL27	3	0.6	1.0
SLBP	3	0.2	1.0
MRPL20	4	0.2	1.0
FAM48A	3	0.4	1.0
GNAO1	12	0.166666666667	1.0
RRAS2	3	0.4	1.0
NTSR2	8	0.166666666667	1.0
GAPDH	4	0.4	1.0
HIF1A	9	0.4	1.0
GAB1	3	0.166666666667	1.0
ARHGAP4	4	0.4	1.0
ARHGAP1	3	0.6	1.0
SRSF5	6	0.6	1.0
SRSF4	6	0.8	1.0
SRSF7	6	0.6	1.0
SRSF6	6	0.166666666667	1.0
SRSF1	6	0.6	1.0
SRSF3	6	0.6	1.0
SRSF2	6	0.8	1.0
PRLR	2	0.4	1.0
EGR1	6	0.166666666667	1.0
SRSF9	6	0.2	1.0
PPARGC1A	4	0.4	1.0
SPO11	2	0.2	1.0
RNF135	2	0.4	1.0
MADCAM1	2	0.166666666667	1.0
AATF	2	0.4	1.0
CHEK2	2	0.2	1.0
CHEK1	6	0.6	1.0
CDK6	3	0.2	1.0
SIKE1	2	0.4	1.0
EIF4E1B	2	0.2	1.0
PAX5	2	0.166666666667	1.0
CDK8	4	0.8	1.0
MRPL4	4	0.2	1.0
MRPL2	4	0.4	1.0
MRPL3	4	0.6	1.0
MRPL1	2	0.4	1.0
PTPN1	3	1.0	1.0
PTPN7	2	0.2	1.0
PTPN6	12	0.2	1.0
GINS2	4	0.4	1.0
GINS1	2	0.2	1.0
PROK1	8	0.2	1.0
PROK2	8	0.166666666667	1.0
CYP2E1	2	1.0	1.0
CAMKK2	2	0.166666666667	1.0
CAMKK1	2	0.2	1.0
EIF4EBP1	2	1.0	1.0
NPBWR2	9	0.2	1.0
NPBWR1	9	0.4	1.0
VEGFA	22	0.166666666667	1.0
BAG3	2	0.166666666667	1.0
BAG1	2	0.4	1.0
VEGFC	2	0.8	1.0
MYO1C	2	0.6	1.0
CTDP1	3	0.8	1.0
RPS7	8	0.4	1.0
RPS6	10	0.8	1.0
RPS5	10	0.4	1.0
PTK2	8	0.4	1.0
ARRB2	7	0.6	1.0
ARRB1	4	0.2	1.0
CD79B	2	0.2	1.0
BCR	3	0.8	1.0
CD79A	2	0.6	1.0
OAS1	6	0.166666666667	1.0
CTPS2	4	0.6	1.0
DHX58	2	0.4	1.0
SF3B4	5	0.8	1.0
UTP11L	2	0.2	1.0
PSMA2	2	0.8	1.0
SF3B5	4	0.4	1.0
PPBP	12	0.2	1.0
PDE7B	3	0.4	1.0
RASGRF2	4	0.4	1.0
ERCC1	2	0.6	1.0
C3	9	0.2	1.0
HIST2H2AA3	2	0.4	1.0
HIST2H2AA4	2	0.8	1.0
PNPT1	10	0.166666666667	1.0
C5	9	0.4	1.0
SRC	24	0.166666666667	1.0
HMGCS2	2	0.4	1.0
USP3	2	0.166666666667	1.0
SRF	4	0.8	1.0
SRI	2	0.166666666667	1.0
EIF2C2	5	0.166666666667	1.0
MSH6	3	0.6	1.0
LGALS3	2	0.2	1.0
LGALS1	2	0.4	1.0
SFRP2	2	0.2	1.0
NMU	15	0.166666666667	1.0
NMS	15	0.2	1.0
KCNJ4	2	0.166666666667	1.0
EIF2AK1	2	0.4	1.0
SOCS2	6	0.166666666667	1.0
EIF2AK2	4	0.166666666667	1.0
TDG	2	0.166666666667	1.0
TAPBP	2	0.6	1.0
ADRB1	3	1.0	1.0
ADRB2	5	0.2	1.0
MRPS14	3	0.6	1.0
COL1A2	5	0.2	1.0
COL1A1	5	0.2	1.0
OCRL	3	0.2	1.0
IDO1	2	0.2	1.0
PLAUR	3	0.8	1.0
SUZ12P	2	0.2	1.0
FOXO1	5	0.8	1.0
TOP1	2	0.6	1.0
FOXO4	2	0.4	1.0
FMR1	3	0.4	1.0
OR2AK2	2	0.4	1.0
ALDH1A1	4	0.6	1.0
GCNT4	2	0.4	1.0
HIST4H4	2	0.6	1.0
GCNT1	2	1.0	1.0
RPL28	8	0.166666666667	1.0
GCNT2	4	0.166666666667	1.0
CATSPER4	2	0.2	1.0
NAP1L1	2	0.166666666667	1.0
NAP1L2	2	0.166666666667	1.0
NAP1L3	2	0.166666666667	1.0
NAP1L4	2	0.166666666667	1.0
CATSPER1	2	0.6	1.0
CATSPER2	3	0.166666666667	1.0
CATSPER3	2	0.4	1.0
RGS4	9	0.166666666667	1.0
RGS5	2	0.166666666667	1.0
RGS6	9	0.166666666667	1.0
RGS7	9	0.166666666667	1.0
LPCAT2	2	0.6	1.0
RGS1	10	0.2	1.0
RGS2	8	0.166666666667	1.0
LPCAT1	2	0.4	1.0
P4HB	2	0.2	1.0
BNIP3	2	0.166666666667	1.0
SMARCB1	5	0.166666666667	1.0
CEBPB	4	1.0	1.0
SERBP1	2	0.2	1.0
COL19A1	3	0.166666666667	1.0
CATSPERG	2	0.6	1.0
CATSPERB	2	0.2	1.0
HTR6	3	1.0	1.0
ALPP	3	0.6	1.0
PPP1CA	2	1.0	1.0
SRRM1	6	0.4	1.0
HTR4	3	0.8	1.0
PDK1	2	0.166666666667	1.0
NKX2_1	2	0.2	1.0
NKX2_2	2	0.6	1.0
LNPEP	3	1.0	1.0
COL6A3	5	0.2	1.0
COL6A2	5	0.166666666667	1.0
SEC61A1	2	0.8	1.0
ALPL	4	0.2	1.0
PTGS2	7	1.0	1.0
SH2B3	2	0.2	1.0
FBP1	3	0.166666666667	1.0
CANX	8	0.166666666667	1.0
PLIN1	2	0.8	1.0
MED10	3	0.4	1.0
HSPD1	11	0.6	1.0
RBPJ	4	0.6	1.0
EIF1AX	2	0.2	1.0
EIF1AY	2	0.4	1.0
NTRK2	2	0.2	1.0
NTRK3	2	0.4	1.0
SMAD4	9	0.4	1.0
SAP18	2	0.8	1.0
UQCRFSL1	3	1.0	1.0
KRAS	2	1.0	1.0
EIF3CL	2	0.2	1.0
DDIT4	2	0.2	1.0
MRPS7	4	0.4	1.0
CCR10	3	0.4	1.0
IFI35	2	0.4	1.0
CD27	2	0.4	1.0
MRPS2	3	0.8	1.0
IFI30	4	0.2	1.0
CXCR2	13	0.166666666667	1.0
SRGAP3	3	0.166666666667	1.0
ACSL1	2	0.166666666667	1.0
SRPR	3	0.8	1.0
SOCS5	4	0.4	1.0
SOCS4	6	0.166666666667	1.0
SOCS7	5	0.2	1.0
BMP4	3	0.8	1.0
SOCS1	7	0.166666666667	1.0
BMP2	3	0.4	1.0
SOCS3	10	0.4	1.0
MBTPS1	2	0.2	1.0
EIF4G3	3	0.166666666667	1.0
EIF4G2	3	0.166666666667	1.0
EIF4G1	9	0.6	1.0
GPR4	8	0.4	1.0
CXCR1	12	0.4	1.0
PPP2CA	4	1.0	1.0
GRB2	19	0.2	1.0
GRB7	4	0.166666666667	1.0
CCNC	3	0.6	1.0
ALB	6	0.8	1.0
CCNH	4	0.6	1.0
EGFL8	2	0.2	1.0
HTR5A	8	0.4	1.0
TRIM39	2	0.2	1.0
PPP2CB	3	0.8	1.0
RPL8	10	0.2	1.0
RPL9	9	0.4	1.0
TRIM32	2	0.166666666667	1.0
RPL4	8	0.6	1.0
INTS1	2	0.166666666667	1.0
FEN1	5	0.8	1.0
RSAD2	2	1.0	1.0
ATP5C1	3	1.0	1.0
CHD4	2	0.6	1.0
CLDN19	6	0.166666666667	1.0
PTH	4	1.0	1.0
CHD9	4	0.4	1.0
COL2A1	5	0.2	1.0
SUPT16H	3	0.2	1.0
COL27A1	3	0.2	1.0
TERF1	2	0.4	1.0
SCT	3	0.6	1.0
INTS9	2	0.4	1.0
MRPL11	4	0.6	1.0
MRPL12	2	0.4	1.0
MRPL13	4	0.6	1.0
IL4R	2	0.6	1.0
MRPL16	2	0.8	1.0
MRPL17	4	0.166666666667	1.0
CDC25C	3	1.0	1.0
PRKCE	5	0.166666666667	1.0
RHOQ	4	0.8	1.0
RHOV	4	0.6	1.0
RHOU	4	0.6	1.0
PRKCD	13	0.166666666667	1.0
POLR2E	16	0.166666666667	1.0
POLR2D	9	0.4	1.0
POLR2G	9	0.2	1.0
POLR2F	15	0.166666666667	1.0
POLR2A	13	0.2	1.0
DAG1	3	0.2	1.0
POLR2C	8	0.8	1.0
POLR2B	9	0.6	1.0
ITPR2	3	0.2	1.0
POLR2L	15	0.166666666667	1.0
RHOA	8	0.166666666667	1.0
ITPR1	2	1.0	1.0
POLR2I	8	0.2	1.0
POLR2H	15	0.166666666667	1.0
F11R	4	0.166666666667	1.0
POLR2J	2	1.0	1.0
AMPH	2	0.6	1.0
MPO	2	0.6	1.0
MPL	2	0.2	1.0
GTF3A	4	0.166666666667	1.0
PRKCZ	6	0.4	1.0
AIFM1	2	0.2	1.0
GRPEL1	6	0.166666666667	1.0
P2RY10	8	0.166666666667	1.0
LAP3	2	0.8	1.0
MAPK14	14	0.166666666667	1.0
PRKCQ	8	0.166666666667	1.0
MAPK10	2	0.8	1.0
MAPK11	6	1.0	1.0
MAPK12	2	0.8	1.0
MAPK13	4	0.2	1.0
OPN4	8	0.2	1.0
SOX9	2	0.8	1.0
NCOR2	8	0.166666666667	1.0
NCOR1	7	0.2	1.0
FCER1G	2	1.0	1.0
TRBC2	2	0.166666666667	1.0
CACNB3	3	0.166666666667	1.0
CACNB2	3	0.2	1.0
CACNB1	3	0.166666666667	1.0
CYP2B6	2	1.0	1.0
CACNB4	3	0.2	1.0
UGT2B17	3	0.6	1.0
NFKB1	8	0.8	1.0
NFKB2	3	0.2	1.0
ALPPL2	3	0.2	1.0
HELLS	3	0.4	1.0
NSA2	5	0.166666666667	1.0
CACNA1D	4	0.4	1.0
PLCD4	5	0.2	1.0
DDX20	3	0.8	1.0
PLCD3	5	0.4	1.0
PLCD1	5	0.4	1.0
ADM	3	0.4	1.0
ADK	2	0.6	1.0
FHOD1	2	0.2	1.0
SOS2	4	0.6	1.0
SOS1	12	0.166666666667	1.0
CACNA1E	3	0.2	1.0
GJC1	2	0.166666666667	1.0
PIAS2	4	0.166666666667	1.0
PRKACG	7	0.6	1.0
PRKACA	6	0.4	1.0
PRKACB	6	0.2	1.0
RPL10A	2	1.0	1.0
PSMB5	2	1.0	1.0
MRTO4	6	0.2	1.0
PSMB1	2	0.8	1.0
KIF20A	3	1.0	1.0
TALDO1	2	1.0	1.0
TAF9B	3	0.166666666667	1.0
RPL3L	8	0.166666666667	1.0
P2RX1	2	0.166666666667	1.0
GNAT3	2	1.0	1.0
GNAT2	2	0.2	1.0
SNORD21	12	0.2	1.0
BCL2L11	4	0.4	1.0
SNORD24	8	0.6	1.0
SSR1	4	0.6	1.0
HADHB	2	0.4	1.0
CACNA1G	3	1.0	1.0
ITPA	5	1.0	1.0
MLH1	3	0.2	1.0
NUP43	5	0.8	1.0
SNORD2	2	0.166666666667	1.0
ACOT11	2	0.166666666667	1.0
ADRM1	2	0.6	1.0
SH3KBP1	2	1.0	1.0
SIN3A	4	0.2	1.0
TRAF1	6	0.166666666667	1.0
TRAF2	4	0.6	1.0
TRAF3	4	0.2	1.0
CRYZ	3	0.2	1.0
GTF2H3	4	0.8	1.0
GTF2H1	4	0.2	1.0
RUVBL1	4	0.8	1.0
LEPR	2	0.4	1.0
TAB3	2	0.2	1.0
RPL37	8	0.2	1.0
RPL34	8	0.6	1.0
RPL35	8	0.166666666667	1.0
RPL32	2	1.0	1.0
RPL30	9	0.8	1.0
RPL31	8	0.6	1.0
GRIN2B	3	0.6	1.0
GNA14	10	0.166666666667	1.0
GNA15	10	0.166666666667	1.0
GNA12	6	0.166666666667	1.0
GNA13	7	0.166666666667	1.0
GRIN2D	2	0.4	1.0
GNA11	6	0.166666666667	1.0
SDHA	3	0.6	1.0
ATF4	3	0.6	1.0
HYDIN2	3	0.166666666667	1.0
ATF6	3	0.166666666667	1.0
ATF3	2	0.8	1.0
ATF2	2	0.2	1.0
SMARCC2	5	0.166666666667	1.0
SMARCC1	5	0.166666666667	1.0
BUB1B	3	1.0	1.0
AP1M2	2	0.2	1.0
SUMO3	2	0.6	1.0
SUMO2	8	0.166666666667	1.0
DVL1L1	3	0.4	1.0
IGHG1	2	0.8	1.0
IL6ST	3	0.2	1.0
MOCS1	4	0.166666666667	1.0
UPP2	2	0.2	1.0
CDRT1	2	0.166666666667	1.0
L1CAM	2	0.6	1.0
SF3B3	5	0.4	1.0
CYP3A43	3	1.0	1.0
SMG7	3	0.4	1.0
SMG6	3	0.8	1.0
BLOC1S2	2	0.2	1.0
PTGER4	4	0.2	1.0
PTGER1	9	0.2	1.0
PPP2R4	4	1.0	1.0
PTGER3	11	0.166666666667	1.0
GRWD1	2	0.8	1.0
AKT1S1	3	0.166666666667	1.0
HTR2A	9	0.4	1.0
BDKRB1	15	0.4	1.0
B3GALT6	2	0.6	1.0
LHB	2	0.6	1.0
IFNG	8	0.6	1.0
PCBP1	4	0.8	1.0
CAMK2A	2	0.8	1.0
CEP110	3	0.6	1.0
CXCL11	11	0.2	1.0
CXCL10	11	0.2	1.0
CXCL13	11	0.2	1.0
CXCL12	6	0.4	1.0
CXCL16	10	0.2	1.0
ADRA1A	2	0.166666666667	1.0
AKAP6	2	0.4	1.0
ADRA1B	9	0.2	1.0
GTF2F1	5	1.0	1.0
ADRA1D	9	0.166666666667	1.0
GTF2F2	5	0.8	1.0
NPEPPS	3	0.166666666667	1.0
AKAP9	5	0.2	1.0
CYP26A1	2	0.6	1.0
YBX1	5	0.4	1.0
NFU1	2	0.166666666667	1.0
POLR1B	2	1.0	1.0
POLR1C	8	0.166666666667	1.0
KRR1	3	0.8	1.0
PTGDR	3	0.4	1.0
COL3A1	4	0.4	1.0
STIP1	2	0.166666666667	1.0
MC4R	3	0.6	1.0
MRPL15	2	0.4	1.0
BMS1	2	0.6	1.0
G6PC	4	0.166666666667	1.0
WDR48	2	0.2	1.0
CETN2	4	0.166666666667	1.0
GTF2B	3	0.8	1.0
CCL28	10	0.166666666667	1.0
RPS9	8	0.4	1.0
JAK2	14	0.4	1.0
H3F3B	6	0.166666666667	1.0
H3F3A	9	0.166666666667	1.0
JAK1	12	0.166666666667	1.0
CCL21	10	0.2	1.0
CCL20	11	0.4	1.0
GTF2I	2	0.6	1.0
CCL25	9	0.2	1.0
GRM1	3	0.2	1.0
CCL27	10	0.166666666667	1.0
HIST2H3PS2	5	0.6	1.0
GUCY2C	3	0.6	1.0
GUCY2D	4	0.2	1.0
GUCY2F	4	0.4	1.0
SENP2	2	0.166666666667	1.0
PPARG	7	1.0	1.0
PPARD	2	0.8	1.0
PPARA	8	0.4	1.0
DSE	2	0.2	1.0
DNAJC8	4	0.4	1.0
DNAJC1	2	0.166666666667	1.0
INS	19	0.4	1.0
MAP3K2	2	0.166666666667	1.0
CD14	3	0.2	1.0
RHOH	4	0.6	1.0
ECHDC2	2	0.2	1.0
CD19	5	0.2	1.0
RALBP1	2	0.4	1.0
ASH2L	2	0.2	1.0
IFIH1	3	0.166666666667	1.0
ITPR3	3	0.8	1.0
INTS5	2	0.2	1.0
NCOA2	4	1.0	1.0
NCOA3	6	0.4	1.0
NCOA1	6	0.8	1.0
NCOA6	6	0.4	1.0
PHAX	3	0.166666666667	1.0
RHOG	5	0.2	1.0
SPCS3	3	1.0	1.0
RHOF	4	0.6	1.0
CISH	2	0.4	1.0
ATOH1	2	0.2	1.0
RHOD	4	0.2	1.0
HMGB1	3	0.166666666667	1.0
EGFR	14	0.6	1.0
MECP2	2	0.2	1.0
LDLR	2	0.2	1.0
HCRT	8	0.2	1.0
PDE10A	3	0.6	1.0
CYP2C9	3	1.0	1.0
IL2RA	10	0.166666666667	1.0
IL2RB	9	0.166666666667	1.0
IL2RG	10	0.166666666667	1.0
AK3	3	0.8	1.0
AK2	2	1.0	1.0
LMO4	2	0.6	1.0
GEMIN7	3	0.166666666667	1.0
GEMIN4	4	0.166666666667	1.0
GEMIN5	4	0.166666666667	1.0
UBQLN2	2	0.166666666667	1.0
HSPE1	2	0.4	1.0
OXTR	9	0.166666666667	1.0
CDK5RAP2	4	0.2	1.0
SARS	2	1.0	1.0
CDK5RAP1	2	0.2	1.0
EBI3	3	0.166666666667	1.0
AHSG	3	0.2	1.0
SHC4	2	0.2	1.0
CTTN	4	0.6	1.0
AP1S3	3	0.166666666667	1.0
BAX	2	1.0	1.0
MCRS1	4	0.2	1.0
PLCG2	12	0.2	1.0
BAD	2	0.4	1.0
ATPAF1	2	0.4	1.0
GIPR	3	0.2	1.0
LARS2	2	0.8	1.0
EIF2S1	5	1.0	1.0
EIF2S2	4	0.4	1.0
CDK19	3	0.6	1.0
MYOD1	5	0.2	1.0
GJB1	2	0.166666666667	1.0
INTS8	2	0.2	1.0
NEO1	2	0.2	1.0
ATP6V1B1	2	0.166666666667	1.0
ATP6V1B2	2	0.4	1.0
PSMC6	2	1.0	1.0
MDC1	2	0.166666666667	1.0
FBN2	3	0.166666666667	1.0
NCR1	4	0.166666666667	1.0
P2RY2	7	0.6	1.0
SEC61G	3	1.0	1.0
P2RY1	8	0.2	1.0
P2RY6	8	0.2	1.0
P2RY4	10	0.166666666667	1.0
INPP5B	4	0.8	1.0
IL3RA	2	0.166666666667	1.0
C3AR1	9	0.2	1.0
BTRC	2	1.0	1.0
NUP35	5	0.4	1.0
NUP37	6	1.0	1.0
NCL	4	0.166666666667	1.0
LIF	2	0.8	1.0
KDM1A	4	0.166666666667	1.0
TSG101	2	0.2	1.0
CLDN10	6	0.166666666667	1.0
JAM2	2	0.166666666667	1.0
RPN2	3	0.8	1.0
MARCH1	3	0.166666666667	1.0
IKBKG	5	0.8	1.0
IKBKE	2	0.2	1.0
MICA	4	0.2	1.0
B3GNT4	4	0.166666666667	1.0
EIF3I	5	0.2	1.0
EIF3J	5	0.2	1.0
CTSS	2	0.6	1.0
EIF3L	2	0.166666666667	1.0
EIF3M	2	0.8	1.0
B3GNT2	4	0.4	1.0
B3GNT3	4	0.166666666667	1.0
TSFM	4	0.2	1.0
FGFR2	2	0.8	1.0
EIF3B	6	0.166666666667	1.0
EIF3C	2	0.4	1.0
EIF3D	5	0.166666666667	1.0
ADRA2A	9	0.2	1.0
ADRA2B	9	0.4	1.0
ADRA2C	9	0.4	1.0
CXCR7	9	0.2	1.0
NOL10	3	0.6	1.0
SLIT2	2	0.166666666667	1.0
NME4	6	0.166666666667	1.0
UMPS	2	0.6	1.0
CDKN2A	6	0.2	1.0
TCL6	2	0.166666666667	1.0
CDCA5	4	1.0	1.0
NME6	5	0.6	1.0
BAZ1A	3	0.2	1.0
NME7	5	0.4	1.0
GUK1	4	0.6	1.0
TPR	5	0.2	1.0
INPP5D	10	0.166666666667	1.0
KITLG	2	0.8	1.0
NME1	6	0.4	1.0
FN1	11	0.8	1.0
PTGES3	3	0.166666666667	1.0
NME3	5	0.4	1.0
CXCL9	11	0.2	1.0
UBA52	16	0.8	1.0
HNRNPH1	2	0.2	1.0
CCL2	5	0.4	1.0
CD2BP2	5	0.4	1.0
RPL37A	8	0.166666666667	1.0
CCL5	10	0.6	1.0
CSDAP1	2	0.166666666667	1.0
EXOSC9	2	0.2	1.0
USF1	3	0.166666666667	1.0
IBSP	2	0.6	1.0
AP2B1	4	0.8	1.0
EXOSC4	2	0.6	1.0
EXOSC5	3	0.6	1.0
GTF2E1	2	0.2	1.0
GTF2E2	2	0.2	1.0
YJEFN3	2	0.6	1.0
SAP30	3	0.4	1.0
GNAI2	18	0.2	1.0
EXO1	4	1.0	1.0
CEACAM1	2	0.166666666667	1.0
ATRIP	2	0.8	1.0
FOXA2	8	0.166666666667	1.0
CD44	11	0.166666666667	1.0
ANGPT2	2	0.4	1.0
ANGPT1	4	0.2	1.0
PPP1R14A	2	0.4	1.0
CCKAR	9	0.166666666667	1.0
OXT	8	0.166666666667	1.0
BST2	2	0.166666666667	1.0
C1orf57	5	0.2	1.0
F12	2	0.166666666667	1.0
ATP6V0A4	2	0.6	1.0
DEPDC1	2	0.8	1.0
DEPDC6	3	0.2	1.0
ATP6V0A1	2	0.4	1.0
ATP6V0A2	2	0.6	1.0
CREBBP	14	0.6	1.0
ITGA10	6	0.4	1.0
IQGAP1	2	1.0	1.0
PLCZ1	5	0.2	1.0
ATM	6	0.8	1.0
STXBP1	2	0.166666666667	1.0
ATR	2	0.6	1.0
PDE11A	3	0.2	1.0
ERVWE1	2	0.2	1.0
FLT1	2	0.6	1.0
SKP1	6	0.8	1.0
S1PR3	13	0.166666666667	1.0
S1PR2	11	0.166666666667	1.0
S1PR1	11	0.166666666667	1.0
NOC2L	2	0.6	1.0
S1PR5	9	0.2	1.0
S1PR4	12	0.166666666667	1.0
FANCC	3	0.2	1.0
FANCA	2	0.4	1.0
ENY2	3	0.166666666667	1.0
FANCI	3	0.8	1.0
SUGP1	4	0.2	1.0
KISS1	9	0.2	1.0
COL25A1	3	0.166666666667	1.0
HNRNPA0	4	0.8	1.0
HNRNPA1	5	0.166666666667	1.0
IL6R	2	0.6	1.0
ENO1	2	0.6	1.0
ENO2	2	0.8	1.0
SNW1	3	1.0	1.0
CLU	2	0.6	1.0
MC5R	3	0.4	1.0
COL17A1	4	0.6	1.0
IRS4	5	0.166666666667	1.0
QRFPR	8	0.2	1.0
KNG1	18	0.4	1.0
IRS1	10	0.4	1.0
IRS2	9	0.166666666667	1.0
CDK1	11	1.0	1.0
CDK2	7	0.6	1.0
CDK4	4	1.0	1.0
CDK5	4	0.8	1.0
NSMCE2	2	0.166666666667	1.0
CDK7	5	0.6	1.0
LPAR2	16	0.6	1.0
LPAR3	16	0.166666666667	1.0
LPAR1	17	0.2	1.0
LPAR6	8	0.4	1.0
CALR	6	0.166666666667	1.0
LPAR4	8	0.4	1.0
MRRF	3	0.2	1.0
MT_ND6	2	0.8	1.0
MT_ND4	2	1.0	1.0
MT_ND5	2	1.0	1.0
MT_ND2	3	1.0	1.0
MT_ND3	2	1.0	1.0
MT_ND1	2	0.8	1.0
PHB2	2	0.166666666667	1.0
CEP57	3	0.4	1.0
MSH2	3	1.0	1.0
CEP55	4	1.0	1.0
SF3B1	4	0.6	1.0
PRKAA2	3	0.4	1.0
PRKAA1	2	0.2	1.0
SF3B2	5	0.4	1.0
ALOX15	2	0.4	1.0
MCL1	2	1.0	1.0
TSHR	5	0.4	1.0
SORBS1	2	0.4	1.0
PRKX	6	0.2	1.0
NSMCE4A	2	0.166666666667	1.0
INPPL1	3	1.0	1.0
XCR1	11	0.4	1.0
SUPT3H	3	0.166666666667	1.0
EOMES	2	0.2	1.0
ARHGDIG	3	0.166666666667	1.0
ARHGDIB	3	0.6	1.0
ARHGDIA	4	0.8	1.0
ASF1A	3	0.4	1.0
ASF1B	3	0.4	1.0
PRKCI	3	0.8	1.0
PRKCH	3	0.166666666667	1.0
GREM1	2	0.2	1.0
MT_ND4L	2	0.8	1.0
PRKCA	13	0.2	1.0
PRKCB	5	0.8	1.0
TANC1	3	0.166666666667	1.0
AP2S1	3	0.6	1.0
PRKCG	6	0.4	1.0
HIST1H3A	6	0.166666666667	1.0
ADORA3	9	0.2	1.0
MLF1IP	2	1.0	1.0
FFAR2	8	0.2	1.0
UCP1	3	0.166666666667	1.0
LMNA	2	0.2	1.0
FFAR1	8	0.2	1.0
HIST2H2AC	2	0.4	1.0
PPYR1	9	0.2	1.0
DDX23	4	0.4	1.0
SEC11C	3	0.2	1.0
SEC11B	3	0.8	1.0
NRIP1	2	0.8	1.0
TYMS	8	0.8	1.0
TYMP	3	0.166666666667	1.0
EEF2	3	0.6	1.0
GPR132	8	0.4	1.0
ATP6V1C2	2	0.166666666667	1.0
ATP6V1C1	3	0.2	1.0
ACTG1	9	0.2	1.0
RPN1	3	0.6	1.0
TACO1	2	0.166666666667	1.0
TPI1	4	0.4	1.0
NDC80	3	1.0	1.0
LAMC3	3	0.166666666667	1.0
MAP3K8	2	0.2	1.0
SNORD43	8	0.2	1.0
TRUB1	3	0.2	1.0
MAP3K1	4	0.6	1.0
MAP3K7	8	0.166666666667	1.0
PARD6A	3	0.4	1.0
MAP3K5	3	0.6	1.0
PLA2G6	5	0.4	1.0
PLA2G5	5	0.4	1.0
PLA2G3	5	0.4	1.0
NUP214	6	0.166666666667	1.0
NUP210	5	0.2	1.0
SETDB1	3	0.166666666667	1.0
PRTN3	3	0.166666666667	1.0
ERBB2	10	0.166666666667	1.0
IARS	2	0.6	1.0
TRMU	2	0.4	1.0
SHC1	11	0.166666666667	1.0
ERBB4	3	0.8	1.0
SHC3	2	0.6	1.0
FPR1	10	0.166666666667	1.0
FPR2	15	0.4	1.0
FPR3	9	0.166666666667	1.0
CTSG	6	0.166666666667	1.0
RPL15	8	0.8	1.0
RPL11	11	0.6	1.0
RPL12	8	0.8	1.0
RPL13	2	1.0	1.0
SF1	2	0.4	1.0
RPL18	8	0.8	1.0
FGFR3	4	0.6	1.0
SETD7	2	0.166666666667	1.0
FGFR1	2	1.0	1.0
CXCL1	11	0.166666666667	1.0
NME5	5	0.2	1.0
CXCL3	10	0.2	1.0
CXCL2	10	0.166666666667	1.0
CXCL5	10	0.2	1.0
INPP5E	3	0.166666666667	1.0
NME2	5	0.8	1.0
CXCL6	10	0.2	1.0
SYK	7	0.4	1.0
NINL	3	0.4	1.0
SYP	2	0.2	1.0
FKBP1B	2	0.6	1.0
FKBP1A	2	0.2	1.0
CLSPN	2	0.6	1.0
EPB41	2	0.2	1.0
DAB2	2	0.2	1.0
RPH3A	2	0.166666666667	1.0
SHC2	3	0.4	1.0
DAXX	4	0.2	1.0
STIL	3	0.2	1.0
NT5M	2	0.8	1.0
NT5C	2	0.6	1.0
NT5E	3	0.8	1.0
CTGF	2	0.6	1.0
USP22	3	0.166666666667	1.0
TIAM1	5	0.2	1.0
TIAM2	2	0.6	1.0
PNPLA6	2	0.4	1.0
CXCR6	11	0.2	1.0
MAP1A	2	0.166666666667	1.0
FOS	12	0.8	1.0
ATG13	2	0.166666666667	1.0
SMG5	4	0.2	1.0
PWP2	4	0.6	1.0
DECR1	2	0.6	1.0
UBE2I	2	1.0	1.0
TP53	33	0.166666666667	1.0
GNAQ	9	0.166666666667	1.0
GNAS	7	0.4	1.0
MED13L	3	0.6	1.0
GNAZ	11	0.166666666667	1.0
PKM2	7	0.8	1.0
UBE2T	4	0.8	1.0
COL12A1	3	0.2	1.0
LCK	18	0.166666666667	1.0
STX1A	2	0.8	1.0
DPF3	3	0.166666666667	1.0
PTGFR	9	0.2	1.0
DPF1	3	0.166666666667	1.0
ARHGEF2	5	0.2	1.0
RPL18A	8	0.2	1.0
ILK	3	0.8	1.0
RPS15A	10	0.4	1.0
PTAFR	14	0.166666666667	1.0
UPF2	4	0.6	1.0
SRGN	2	0.6	1.0
IL1A	2	0.6	1.0
IL1B	7	0.6	1.0
KRT8	2	0.166666666667	1.0
PHTF1	3	0.4	1.0
SRPRB	3	0.2	1.0
RBM8A	7	0.4	1.0
PNO1	4	0.166666666667	1.0
PDE3A	3	0.6	1.0
CASK	2	1.0	1.0
PDE3B	3	0.2	1.0
CASR	16	0.166666666667	1.0
NMNAT2	2	0.166666666667	1.0
NMNAT3	2	0.2	1.0
NMNAT1	2	0.8	1.0
PENK	9	0.4	1.0
TAC3	8	0.2	1.0
MORF4L1	3	0.6	1.0
NDUFA6	2	0.8	1.0
NDUFA4	2	0.8	1.0
NDUFA5	2	0.6	1.0
NDUFA2	2	0.8	1.0
NDUFA3	2	0.2	1.0
NDUFA1	2	1.0	1.0
COMP	4	0.4	1.0
NDUFA8	2	0.8	1.0
NDUFA9	2	0.6	1.0
GPR65	9	0.2	1.0
PNOC	9	0.166666666667	1.0
QARS	5	0.4	1.0
WAS	2	0.8	1.0
GPR68	8	0.2	1.0
IL18	3	0.6	1.0
CYP1A1	2	1.0	1.0
CYP1A2	2	0.6	1.0
TBL1XR1	4	0.8	1.0
IL10	10	0.166666666667	1.0
GSTM1	2	1.0	1.0
WNT1	2	1.0	1.0
UBE2N	3	0.166666666667	1.0
IL6	13	0.4	1.0
IL7	3	0.4	1.0
IL4	10	0.166666666667	1.0
RIPK2	2	0.8	1.0
IL2	15	0.166666666667	1.0
IL8	7	0.6	1.0
IL23A	3	0.4	1.0
SNORA41	3	0.8	1.0
GPRIN2	3	0.166666666667	1.0
EIF1	2	0.2	1.0
BIRC5	6	1.0	1.0
EIF5	4	0.6	1.0
EIF6	3	0.4	1.0
INSR	4	0.6	1.0
ST8SIA1	3	0.2	1.0
NOXA1	2	0.4	1.0
TXNL4A	4	0.166666666667	1.0
P2RX3	2	0.166666666667	1.0
KLF13	2	0.166666666667	1.0
P2RX2	2	0.2	1.0
PES1	6	0.166666666667	1.0
TFAP2A	2	0.4	1.0
TLN2	3	0.166666666667	1.0
TLN1	3	0.4	1.0
NT5C1B	2	0.6	1.0
NT5C1A	2	0.8	1.0
NT5C3	2	1.0	1.0
NT5C2	2	1.0	1.0
CPT1A	2	0.6	1.0
ANXA7	2	0.2	1.0
CEP63	2	1.0	1.0
MCM7	5	0.8	1.0
MCM6	4	0.8	1.0
MCM5	3	0.6	1.0
MCM4	6	1.0	1.0
MCM3	3	1.0	1.0
PCNT	3	1.0	1.0
AGTR2	9	0.4	1.0
RPA1	2	1.0	1.0
RPA3	2	1.0	1.0
RPA2	2	0.8	1.0
NDUFS1	3	1.0	1.0
NDUFS2	3	1.0	1.0
NDUFS3	4	0.4	1.0
NDUFS4	2	0.6	1.0
NDUFS5	3	0.6	1.0
NDUFS6	2	0.8	1.0
NDUFS7	2	1.0	1.0
NDUFS8	3	0.8	1.0
ILF3	2	0.2	1.0
SP100	4	0.166666666667	1.0
TIMP1	3	0.8	1.0
ISL1	3	0.166666666667	1.0
SSH1	2	0.166666666667	1.0
EPO	4	0.166666666667	1.0
PI4K2B	2	0.2	1.0
PI4K2A	2	0.6	1.0
DGCR8	2	0.6	1.0
TPX2	3	1.0	1.0
RXFP1	3	0.6	1.0
PPT1	2	0.166666666667	1.0
RXFP3	9	0.166666666667	1.0
DGCR2	2	0.166666666667	1.0
RXFP4	9	0.2	1.0
NDUFB11	2	1.0	1.0
NDUFB10	2	1.0	1.0
GOT2	4	1.0	1.0
GOT1	4	0.6	1.0
RNASEL	3	0.166666666667	1.0
SOD2	11	0.6	1.0
SAFB	2	0.166666666667	1.0
FASLG	2	0.6	1.0
QTRT1	3	0.4	1.0
IP6K2	2	0.4	1.0
ROBO1	4	0.166666666667	1.0
H2AFX	5	0.2	1.0
SNORD55	8	0.6	1.0
TLR2	7	0.166666666667	1.0
TLR3	3	0.2	1.0
INADL	8	0.166666666667	1.0
TLR4	6	0.2	1.0
TLR5	2	0.166666666667	1.0
UPF1	3	0.8	1.0
RNF4	5	0.166666666667	1.0
RNF2	3	0.6	1.0
AVPR2	4	0.6	1.0
NUP205	6	0.166666666667	1.0
CCR5	14	0.166666666667	1.0
NCAPG2	2	1.0	1.0
ZWINT	3	1.0	1.0
NFKBIA	4	0.8	1.0
PHF21A	2	0.166666666667	1.0
PABPN1	5	0.6	1.0
NOX1	2	0.4	1.0
CLTA	3	0.166666666667	1.0
TOMM20	2	0.6	1.0
CLTC	2	0.6	1.0
CLTB	2	0.2	1.0
MIS12	2	0.8	1.0
ADRBK1	12	0.4	1.0
ADRBK2	5	0.8	1.0
TRAF6	4	0.8	1.0
OPRD1	10	0.166666666667	1.0
HAUS2	3	0.8	1.0
CD9	2	0.6	1.0
NR5A2	3	0.166666666667	1.0
NR5A1	3	0.4	1.0
SLC35A3	2	0.6	1.0
PCOLCE	2	0.166666666667	1.0
MYD88	3	0.8	1.0
TOP2B	4	0.166666666667	1.0
NUP160	5	0.8	1.0
TOP2A	4	1.0	1.0
TRH	8	0.4	1.0
ISCA1	2	0.166666666667	1.0
NXF1	4	0.4	1.0
CEP164	4	0.8	1.0
FAF1	2	0.2	1.0
SNRNP70	3	0.8	1.0
FAF2	2	0.166666666667	1.0
HDAC9	4	1.0	1.0
HIST1H2BD	2	0.4	1.0
STAT4	4	0.2	1.0
APLN	9	0.4	1.0
FGF8	2	0.2	1.0
NUSAP1	3	1.0	1.0
SART1	2	0.2	1.0
PRSS2	2	0.4	1.0
ACTB	13	0.166666666667	1.0
STAT2	9	0.166666666667	1.0
BCAN	3	0.2	1.0
PAK7	2	0.166666666667	1.0
ACTA1	2	1.0	1.0
VAV1	12	0.166666666667	1.0
SDC1	8	0.166666666667	1.0
TAF11	2	0.6	1.0
VAV2	8	0.2	1.0
TNFAIP1	2	0.2	1.0
CDC20	2	1.0	1.0
NUP153	4	0.166666666667	1.0
GGT1	3	0.4	1.0
NUP155	6	0.166666666667	1.0
IPO5	3	0.166666666667	1.0
CD83	5	0.166666666667	1.0
NPR2	3	0.6	1.0
GHRHR	3	0.4	1.0
CARS2	2	0.2	1.0
GNRHR	9	0.166666666667	1.0
IFNB1	2	0.4	1.0
GIP	2	0.166666666667	1.0
TNPO1	3	0.2	1.0
MARS2	3	0.8	1.0
GP1BB	2	0.166666666667	1.0
SYVN1	2	0.2	1.0
MAPK3	18	0.166666666667	1.0
MAPK1	19	0.2	1.0
MAPK7	2	0.4	1.0
MAPK8	7	0.8	1.0
MAPK9	2	1.0	1.0
DUSP1	2	0.2	1.0
DUSP3	2	0.166666666667	1.0
ELL	4	0.166666666667	1.0
DARS2	2	0.4	1.0
TGS1	4	0.8	1.0
NME2P1	5	0.166666666667	1.0
FADS2	2	0.6	1.0
BCAP31	2	0.166666666667	1.0
DHX38	6	0.4	1.0
CCL16	10	0.2	1.0
WWTR1	2	0.6	1.0
ALOX12B	2	0.6	1.0
METTL3	2	0.166666666667	1.0
GLB1	2	0.6	1.0
LEP	10	0.166666666667	1.0
STAT5B	6	0.166666666667	1.0
STAT5A	7	0.166666666667	1.0
GNRH2	8	0.166666666667	1.0
GNRH1	8	0.6	1.0
CSE1L	2	0.2	1.0
MAK16	4	0.4	1.0
PLCE1	5	0.2	1.0
COL14A1	4	0.4	1.0
PF4	5	0.4	1.0
GPR55	9	0.2	1.0
PLOD2	2	0.166666666667	1.0
PLOD3	3	0.166666666667	1.0
PLOD1	3	0.2	1.0
NRAS	6	1.0	1.0
ARHGEF10L	2	0.2	1.0
GRIN2A	4	0.2	1.0
PXN	7	0.166666666667	1.0
GLYAT	2	0.2	1.0
DNMT3B	2	1.0	1.0
DNMT3A	5	0.166666666667	1.0
EMG1	2	0.8	1.0
MYCN	4	0.166666666667	1.0
ANLN	4	0.6	1.0
PTGIR	3	0.6	1.0
RAD50	2	0.8	1.0
USP14	2	0.2	1.0
NDEL1	2	0.8	1.0
SNRPC	2	0.2	1.0
SNRPA	4	0.2	1.0
SNRPF	7	1.0	1.0
BCL10	2	0.6	1.0
SNRPE	2	0.6	1.0
IL27RA	3	0.166666666667	1.0
PDE2A	3	0.4	1.0
UPF3B	7	0.8	1.0
UPF3A	3	0.4	1.0
BRAF	6	0.166666666667	1.0
PDPK1	4	0.166666666667	1.0
PLA2G12A	5	0.166666666667	1.0
PCSK9	3	0.166666666667	1.0
CRKL	9	0.166666666667	1.0
PRKAG2	2	0.4	1.0
OCLN	10	0.166666666667	1.0
C1orf146	4	0.166666666667	1.0
TYK2	6	0.4	1.0
TAT	2	0.8	1.0
BYSL	7	0.2	1.0
NCAN	3	0.4	1.0
SUPT5H	2	0.8	1.0
RPF2	7	0.166666666667	1.0
ZFYVE16	2	0.6	1.0
ALMS1	3	0.2	1.0
PRIM1	3	1.0	1.0
PRIM2	2	0.6	1.0
ARHGEF11	3	1.0	1.0
AP1M1	4	0.166666666667	1.0
ARHGEF17	3	0.4	1.0
ARHGEF18	3	0.6	1.0
PIK3C2B	2	0.166666666667	1.0
PIK3C2A	2	0.8	1.0
PIK3C2G	2	0.2	1.0
COL23A1	3	0.2	1.0
COL15A1	3	0.6	1.0
TTI1	2	0.166666666667	1.0
NPB	9	0.2	1.0
HLA_DQA2	2	0.2	1.0
PTEN	11	0.166666666667	1.0
CEP76	3	0.6	1.0
ANGPTL4	2	0.8	1.0
CEP70	3	0.166666666667	1.0
CEP72	3	0.2	1.0
NPW	9	0.2	1.0
CEP78	3	0.4	1.0
GSTM2	2	1.0	1.0
NPS	11	0.6	1.0
HLA_DRB4	2	0.166666666667	1.0
MMP14	2	0.4	1.0
RASGRP3	3	0.4	1.0
MAVS	3	0.2	1.0
ELAVL1	3	0.4	1.0
MMP12	2	0.166666666667	1.0
CDKN1C	3	0.2	1.0
CDKN1B	7	0.6	1.0
CDKN1A	6	1.0	1.0
UBE2D2	3	0.4	1.0
MLL2	2	0.2	1.0
EDNRA	12	0.166666666667	1.0
EDNRB	10	0.166666666667	1.0
HLA_DRB5	9	0.166666666667	1.0
SAP130	3	0.166666666667	1.0
APOE	2	1.0	1.0
APOB	2	1.0	1.0
GCG	13	0.8	1.0
AHR	2	0.8	1.0
MIR2861	6	0.6	1.0
FARSA	2	0.8	1.0
APOH	2	0.2	1.0
PAICS	2	0.8	1.0
NF2	2	0.2	1.0
GDF15	2	0.166666666667	1.0
DYNC2LI1	2	0.2	1.0
GCK	3	0.166666666667	1.0
DLG1	3	0.4	1.0
KCNQ2	2	0.8	1.0
IAPP	4	0.6	1.0
CCL19	10	0.2	1.0
HIST2H3C	3	0.166666666667	1.0
BLK	2	0.8	1.0
PDE4A	3	1.0	1.0
HCK	3	1.0	1.0
DLG4	2	0.6	1.0
RHEB	2	0.4	1.0
GZMA	2	0.4	1.0
FLOT2	2	0.166666666667	1.0
KIR2DL4	2	0.166666666667	1.0
ATXN7	2	0.2	1.0
VWF	3	0.4	1.0
FLNA	5	0.2	1.0
MYH11	2	0.6	1.0
TK1	4	0.8	1.0
RET	3	0.6	1.0
SRGAP2	3	0.166666666667	1.0
PTGER2	4	0.4	1.0
MBOAT4	2	0.166666666667	1.0
PSEN2	2	0.4	1.0
TSC2	5	0.2	1.0
PIK3AP1	2	0.4	1.0
TSC1	4	0.2	1.0
OXER1	9	0.166666666667	1.0
INA	2	0.2	1.0
SPI1	3	0.2	1.0
P2RY14	9	0.4	1.0
NEDD1	3	0.4	1.0
SMC2	2	1.0	1.0
SMC5	2	0.166666666667	1.0
SMC4	2	1.0	1.0
P2RY12	9	0.166666666667	1.0
P2RY13	9	0.2	1.0
IFI44L	2	0.2	1.0
KLHL7	2	0.2	1.0
CTBP1	5	0.166666666667	1.0
JMJD7_PLA2G4B	5	0.2	1.0
BIRC2	2	0.4	1.0
SV2A	2	0.4	1.0
IRAK3	2	0.2	1.0
LEF1	3	0.166666666667	1.0
SV2C	2	0.2	1.0
RIOK2	2	0.6	1.0
MTFMT	3	0.2	1.0
SV2B	2	0.2	1.0
NAA38	2	0.2	1.0
NTN1	3	0.166666666667	1.0
BANF1	5	0.166666666667	1.0
ZFYVE9	2	0.2	1.0
MAP2K6	4	0.4	1.0
COL10A1	3	0.6	1.0
RBM5	5	0.4	1.0
RBM4	2	0.166666666667	1.0
SPCS1	2	1.0	1.0
SPCS2	3	1.0	1.0
NPR1	3	0.8	1.0
EMID2	3	0.2	1.0
IGF1R	8	0.4	1.0
CAT	4	0.4	1.0
AP1S1	3	0.4	1.0
AP1S2	3	0.2	1.0
WDR83	3	0.166666666667	1.0
NDE1	3	0.8	1.0
SIM2	2	0.166666666667	1.0
CCNA2	4	1.0	1.0
PDE1C	3	0.8	1.0
PDE1B	3	0.4	1.0
PDE1A	3	0.4	1.0
DYNC1I2	4	0.6	1.0
KLHL3	2	0.2	1.0
CXCR3	4	0.4	1.0
CAMK2D	2	0.6	1.0
SKA3	2	1.0	1.0
HNF1A	4	0.166666666667	1.0
PGR	4	0.166666666667	1.0
COL28A1	3	0.166666666667	1.0
CXCR5	11	0.166666666667	1.0
CXCR4	7	0.8	1.0
NDUFC1	2	1.0	1.0
NDUFC2	2	0.6	1.0
GPR44	9	0.2	1.0
E2F6	3	0.4	1.0
E2F3	2	1.0	1.0
E2F2	2	0.8	1.0
E2F1	8	0.166666666667	1.0
CA2	2	0.4	1.0
CEPT1	2	0.4	1.0
FUT4	5	0.166666666667	1.0
FUT2	4	0.166666666667	1.0
FUT1	3	0.166666666667	1.0
ABLIM1	2	0.166666666667	1.0
C9orf95	2	0.2	1.0
SSB	3	0.6	1.0
FUT9	3	0.166666666667	1.0
SMARCD1	4	0.166666666667	1.0
GHR	4	0.166666666667	1.0
GSTA4	2	0.8	1.0
GSTA1	2	0.8	1.0
GSTA2	2	0.4	1.0
GSTA3	2	0.8	1.0
PTK2B	2	1.0	1.0
C5AR1	10	0.166666666667	1.0
CYP3A7	2	1.0	1.0
FBLN2	2	0.2	1.0
DAB1	2	0.4	1.0
PSMD6	2	1.0	1.0
CYP3A4	3	0.8	1.0
USP21	2	0.166666666667	1.0
CYP3A5	3	0.8	1.0
ARHGEF9	4	0.2	1.0
ARHGEF6	3	0.4	1.0
WNT10B	2	1.0	1.0
GNG10	2	0.6	1.0
GNG11	2	1.0	1.0
GNG12	4	0.4	1.0
GNG13	4	0.2	1.0
PROKR1	8	0.4	1.0
PROKR2	8	0.2	1.0
HCLS1	2	0.166666666667	1.0
AMPD2	2	0.4	1.0
CDH1	6	0.8	1.0
CDH2	3	0.6	1.0
CDH5	4	0.166666666667	1.0
AMPD1	2	0.6	1.0
CENPN	2	1.0	1.0
IFITM1	4	0.166666666667	1.0
CENPK	3	1.0	1.0
CENPJ	3	0.6	1.0
CENPF	3	1.0	1.0
SHFM1	2	0.4	1.0
CENPA	2	1.0	1.0
PEX11A	2	0.2	1.0
SEC24D	4	0.2	1.0
REV3L	3	0.4	1.0
SEC24A	4	0.166666666667	1.0
SEC24C	4	0.2	1.0
SEC24B	4	0.166666666667	1.0
DBNL	2	0.2	1.0
PAFAH1B1	4	1.0	1.0
GNAI1	6	0.4	1.0
PYY	9	0.166666666667	1.0
GH1	2	0.4	1.0
SCARB2	3	0.166666666667	1.0
SCARB1	5	0.2	1.0
CSF1	2	0.2	1.0
CSF2	6	0.4	1.0
CSF3	2	0.8	1.0
CSNK2A1P	8	0.166666666667	1.0
HCRTR1	8	0.2	1.0
MRPL49	2	0.2	1.0
ANXA1	15	0.2	1.0
NGF	8	0.6	1.0
RRAS	4	0.4	1.0
PLA2G1B	6	0.166666666667	1.0
LAMB1	4	0.166666666667	1.0
LAMB3	2	0.4	1.0
LAMB2	4	0.166666666667	1.0
CYSLTR2	9	0.166666666667	1.0
LAMB4	2	0.166666666667	1.0
CYSLTR1	9	0.2	1.0
DDX58	5	0.2	1.0
NEK2	3	1.0	1.0
CABIN1	2	0.6	1.0
RUVBL2	3	0.4	1.0
U2AF1	6	0.4	1.0
PLA2G12B	5	0.4	1.0
ADAR	2	0.4	1.0
U2AF2	7	0.2	1.0
COL18A1	4	0.8	1.0
SF3A1	4	1.0	1.0
SF3A2	9	0.8	1.0
SF3A3	4	0.8	1.0
TXNRD1	2	0.166666666667	1.0
BUB1	4	1.0	1.0
RNPS1	7	0.6	1.0
UBE2E1	5	0.4	1.0
UBE2E3	2	0.166666666667	1.0
UBE2E2	2	0.166666666667	1.0
PMCH	15	0.2	1.0
NCF1C	2	0.6	1.0
SHH	2	0.8	1.0
BLVRA	3	0.4	1.0
EPOR	2	0.8	1.0
PLA2G10	6	0.166666666667	1.0
TBP	8	0.4	1.0
SUCLG1	2	0.8	1.0
CYP2A7	2	0.4	1.0
SCN5A	2	0.2	1.0
MCM2	4	1.0	1.0
GCH1	5	0.166666666667	1.0
RPS6KB1	8	0.166666666667	1.0
TCERG1	3	0.166666666667	1.0
PRPF40A	2	0.2	1.0
TRPC4	2	0.6	1.0
TRPC5	2	0.8	1.0
GMNN	3	1.0	1.0
ADSL	4	0.8	1.0
WDHD1	2	0.8	1.0
INTS12	2	0.166666666667	1.0
PCNAAS	11	0.8	1.0
USF2	2	0.2	1.0
AZI1	3	0.6	1.0
RANBP2	2	0.2	1.0
FGD1	3	0.166666666667	1.0
GNRHR2	8	0.4	1.0
GNB5	4	0.4	1.0
GNB4	2	0.6	1.0
CEP250	3	0.2	1.0
GNB1	4	0.2	1.0
GNB3	2	1.0	1.0
GNB2	4	0.166666666667	1.0
NUDT12	3	0.166666666667	1.0
DLL1	2	0.6	1.0
GXYLT1	2	0.2	1.0
SATB1	2	0.4	1.0
GPR18	9	0.4	1.0
TSPO	5	0.4	1.0
UHRF1	3	0.6	1.0
ARNT	3	0.6	1.0
IFI6	3	0.4	1.0
PIP5K1B	3	0.4	1.0
STX3	2	0.2	1.0
STX6	2	0.4	1.0
TRAM1	3	0.8	1.0
MYO9A	2	0.8	1.0
POLR1D	6	0.166666666667	1.0
CRHR2	3	0.6	1.0
DSCC1	2	1.0	1.0
SMN2	3	0.2	1.0
TGFB1	11	1.0	1.0
TGFB2	4	0.4	1.0
TGFB3	4	0.2	1.0
PHF10	3	0.2	1.0
EZH2	6	0.166666666667	1.0
GTF2A1	2	0.4	1.0
GTF2A2	2	0.8	1.0
F13A1	2	1.0	1.0
FZD10	2	0.166666666667	1.0
YWHAZ	12	0.2	1.0
NOP58	2	0.8	1.0
YWHAQ	7	0.2	1.0
RB1	10	0.4	1.0
SERPINE1	2	1.0	1.0
YWHAH	7	0.166666666667	1.0
ETS1	5	0.4	1.0
YWHAB	8	0.166666666667	1.0
AP1B1	5	0.2	1.0
YWHAG	7	0.166666666667	1.0
YWHAE	10	0.2	1.0
MAT2A	2	0.2	1.0
NKAPL	2	0.166666666667	1.0
ATAD3A	2	0.166666666667	1.0
SSNA1	3	0.8	1.0
CHRM5	9	0.4	1.0
CHRM4	10	0.4	1.0
CHRM3	9	0.2	1.0
CHRM2	12	0.166666666667	1.0
CHRM1	9	0.2	1.0
CASC3	3	0.8	1.0
ARR3	3	0.166666666667	1.0
DYNC1H1	4	0.6	1.0
GPRC6A	8	0.2	1.0
VTN	3	0.4	1.0
CALD1	2	0.166666666667	1.0
TXN2	2	0.166666666667	1.0
CCNB1	6	1.0	1.0
VAMP2	4	0.6	1.0
CHST15	2	0.2	1.0
GTF3C3	4	0.166666666667	1.0
CSTF1	4	0.6	1.0
ROCK1	2	0.166666666667	1.0
ROCK2	5	0.2	1.0
CSTF2	4	0.4	1.0
CYP2C19	3	0.6	1.0
CYP2C18	2	0.8	1.0
MMP9	6	0.4	1.0
TGFBI	2	1.0	1.0
ILF2	3	0.166666666667	1.0
MMP2	6	0.6	1.0
MMP1	3	0.6	1.0
SLC6A7	2	0.2	1.0
NDUFB9	2	1.0	1.0
SLC6A4	2	0.166666666667	1.0
NDUFB7	2	0.8	1.0
NDUFB6	2	1.0	1.0
AMICA1	2	0.166666666667	1.0
NDUFB4	2	0.8	1.0
NDUFB3	2	0.8	1.0
SIVA1	2	0.166666666667	1.0
NDUFB1	2	0.6	1.0
CCNT1	4	0.2	1.0
CCNT2	2	0.6	1.0
CAV3	2	0.8	1.0
CAV1	6	0.8	1.0
USH2A	2	0.166666666667	1.0
SERPINC1	2	0.4	1.0
SRP14	3	0.4	1.0
CLN6	2	0.2	1.0
CLN5	2	0.166666666667	1.0
CLN3	2	0.166666666667	1.0
MAPRE1	3	1.0	1.0
JAK3	8	0.2	1.0
BRCA1	7	1.0	1.0
BRCA2	2	1.0	1.0
VRK1	2	0.2	1.0
C4B	2	0.4	1.0
SMC6	2	0.166666666667	1.0
WNK4	2	0.166666666667	1.0
NR1H4	2	0.4	1.0
NR2C1	3	0.166666666667	1.0
SHMT1	4	0.4	1.0
ADCY4	15	0.166666666667	1.0
ADCY5	15	0.2	1.0
ADCY6	15	0.6	1.0
ADCY7	14	0.6	1.0
ADCY1	15	0.6	1.0
ADCY2	16	0.6	1.0
ADCY3	5	0.6	1.0
PHB	2	0.6	1.0
FLT4	2	0.6	1.0
ADCY8	15	0.8	1.0
ADCY9	15	0.8	1.0
KIF23	6	1.0	1.0
RBBP4	7	0.6	1.0
RUNX2	4	0.8	1.0
PIP5K1C	3	0.6	1.0
RUNX1	3	0.8	1.0
BMPR2	3	0.6	1.0
NR1H2	2	0.6	1.0
AMFR	4	0.166666666667	1.0
FRA10AC1	2	0.2	1.0
RBX1	6	0.8	1.0
PIP5K1A	2	0.4	1.0
MED29	3	0.6	1.0
RXFP2	3	0.6	1.0
DOCK8	2	0.166666666667	1.0
DOCK9	2	0.166666666667	1.0
ADORA1	9	0.166666666667	1.0
MED20	3	0.6	1.0
MED23	3	0.6	1.0
DOCK1	2	0.6	1.0
MED25	2	0.166666666667	1.0
KIF26A	2	0.2	1.0
MED27	3	0.6	1.0
MED26	3	0.2	1.0
PDLIM7	2	0.2	1.0
SEPT8	2	0.166666666667	1.0
XRCC6	2	0.6	1.0
SMURF1	2	0.4	1.0
SUPT7L	3	0.166666666667	1.0
RHOB	6	0.166666666667	1.0
JUN	15	0.2	1.0
HLA_DRA	3	0.166666666667	1.0
JMJD1C	2	0.2	1.0
RBM39	2	0.2	1.0
PLCB1	16	0.2	1.0
PLCB2	16	0.166666666667	1.0
PLCB3	16	0.166666666667	1.0
PLCB4	16	0.166666666667	1.0
PARP4	2	0.2	1.0
SEC13	3	0.6	1.0
ZNF143	4	0.2	1.0
CHUK	6	0.2	1.0
CD55	3	0.166666666667	1.0
LAMC2	2	0.6	1.0
KIR3DL1	2	0.166666666667	1.0
KIR3DL2	2	0.166666666667	1.0
LAMC1	5	0.166666666667	1.0
GPHN	2	0.6	1.0
IL13RA1	2	0.6	1.0
ESR2	5	0.4	1.0
ESR1	17	0.4	1.0
MELK	3	1.0	1.0
ATP6V1G3	2	0.166666666667	1.0
ATP6V1G1	2	0.6	1.0
IL13	2	0.6	1.0
FGF21	2	0.2	1.0
RPP38	2	0.2	1.0
CPT2	2	0.2	1.0
YY1	6	1.0	1.0
EARS2	4	0.6	1.0
POLA2	2	0.6	1.0
DSN1	2	1.0	1.0
POLA1	3	1.0	1.0
TBX1	4	0.166666666667	1.0
FBXO5	2	0.8	1.0
ADCY10	3	0.2	1.0
SNORD86	3	0.4	1.0
KCNA4	3	0.4	1.0
SNORD84	3	0.8	1.0
A2M	3	0.6	1.0
SH3GL2	3	0.6	1.0
STUB1	3	0.6	1.0
OPTN	2	0.2	1.0
ZHX1	2	0.166666666667	1.0
FHL2	2	0.4	1.0
FTH1	4	0.2	1.0
PRDX5	2	0.2	1.0
KDR	4	0.8	1.0
RPS24	8	0.2	1.0
TAL1	3	0.2	1.0
RPS23	10	0.166666666667	1.0
ACACB	2	0.2	1.0
RPS28	8	0.166666666667	1.0
RPS29	8	0.2	1.0
PLA2G2A	5	0.2	1.0
PLA2G2C	5	0.2	1.0
PLA2G2E	5	0.166666666667	1.0
PLA2G2D	5	0.2	1.0
PLA2G2F	5	0.166666666667	1.0
EDN3	8	0.4	1.0
NFYC	2	0.2	1.0
TRAC	4	0.166666666667	1.0
COL13A1	3	0.2	1.0
COL21A1	4	0.166666666667	1.0
PPIE	3	0.166666666667	1.0
MLNR	8	0.166666666667	1.0
NTRK1	4	0.2	1.0
PPIA	2	0.2	1.0
SARS2	2	1.0	1.0
CYFIP1	3	0.166666666667	1.0
PIN1	3	0.8	1.0
YES1	5	1.0	1.0
ECT2	6	1.0	1.0
MLLT4	2	0.4	1.0
OTUB1	2	0.166666666667	1.0
STAM2	2	0.2	1.0
PTHLH	3	0.8	1.0
FAU	8	0.2	1.0
NUP188	5	0.2	1.0
SYNJ1	4	0.6	1.0
HNRNPA2B1	4	0.8	1.0
SYNJ2	3	0.2	1.0
TERT	5	0.4	1.0
DCP2	2	0.166666666667	1.0
ZNHIT1	2	0.166666666667	1.0
PDE6D	2	0.4	1.0
TAF5L	3	0.2	1.0
GTPBP4	5	0.2	1.0
TP53BP1	2	0.4	1.0
GTPBP3	4	0.166666666667	1.0
TP53BP2	2	0.166666666667	1.0
PI4KB	3	0.6	1.0
GTPBP8	2	0.2	1.0
CASP7	2	0.6	1.0
SNRNP40	5	0.4	1.0
BPNT1	3	0.166666666667	1.0
CASP3	8	0.6	1.0
DRD4	9	0.166666666667	1.0
DRD5	6	0.166666666667	1.0
DRD2	9	0.4	1.0
DRD3	9	0.166666666667	1.0
CASP8	7	0.2	1.0
CASP9	4	0.2	1.0
BCL6	3	0.4	1.0
BCL2	3	0.6	1.0
PLK1	5	1.0	1.0
CDX2	3	0.2	1.0
MC2R	3	0.6	1.0
PLK4	4	1.0	1.0
AKT1	26	0.166666666667	1.0
AKT2	6	0.166666666667	1.0
AKT3	5	0.2	1.0
CCK	8	0.2	1.0
SDCCAG8	3	0.2	1.0
GRK6	2	0.2	1.0
GRK7	2	0.166666666667	1.0
GRK4	2	0.166666666667	1.0
GRK5	11	0.166666666667	1.0
CDYL	2	0.166666666667	1.0
GRK1	2	0.4	1.0
PDE7A	3	0.4	1.0
OAS3	6	0.166666666667	1.0
OAS2	5	0.2	1.0
MYC	15	0.166666666667	1.0
MYB	4	0.166666666667	1.0
ENTPD3	6	0.8	1.0
ENTPD2	5	0.6	1.0
ENTPD1	6	0.8	1.0
NUF2	3	1.0	1.0
ALOX5	2	0.4	1.0
SPAG5	4	1.0	1.0
OASL	6	0.4	1.0
ENTPD8	6	1.0	1.0
SNAPC3	4	0.2	1.0
HTR7	2	0.8	1.0
SNAPC1	4	0.166666666667	1.0
IGHMBP2	2	0.166666666667	1.0
RAE1	5	0.2	1.0
SNAPC5	4	0.166666666667	1.0
SNAPC4	4	0.166666666667	1.0
PI3	3	0.166666666667	1.0
HSPG2	7	0.166666666667	1.0
KLHL9	2	0.166666666667	1.0
PCGF1	2	0.6	1.0
CX3CR1	3	0.4	1.0
TAF12	4	0.6	1.0
XIAP	2	0.8	1.0
GSK3B	3	0.8	1.0
NFS1	2	0.2	1.0
RPL36	7	0.8	1.0
UBB	6	1.0	1.0
UBC	53	0.2	1.0
CFTR	7	0.166666666667	1.0
SPC25	3	1.0	1.0
POU2F1	4	0.166666666667	1.0
METAP1	2	0.6	1.0
SNORD54	12	0.166666666667	1.0
FH	2	0.6	1.0
MOBKL2C	4	0.166666666667	1.0
ST3GAL6	3	0.4	1.0
ST3GAL4	2	0.4	1.0
TNXB	2	0.2	1.0
MEFV	2	0.166666666667	1.0
GUCY1A3	3	1.0	1.0
GUCY1A2	3	0.8	1.0
PCBP2	4	0.6	1.0
POLI	3	0.2	1.0
HTR2C	9	0.2	1.0
HTR2B	9	0.166666666667	1.0
MYST1	2	0.8	1.0
SRP19	3	0.8	1.0
DONSON	2	0.6	1.0
MYST4	2	0.2	1.0
LZTS1	6	0.166666666667	1.0
SMC1A	5	0.6	1.0
ODF2	3	0.2	1.0
SIRT1	8	0.2	1.0
TNN	2	0.4	1.0
NDUFV2	2	0.4	1.0
TAB2	4	0.4	1.0
MED30	3	0.6	1.0
MED31	3	0.4	1.0
MED24	3	0.8	1.0
ETV4	2	0.4	1.0
TXLNA	2	0.166666666667	1.0
MTNR1B	9	0.166666666667	1.0
MTNR1A	9	0.2	1.0
PLEK	2	0.4	1.0
HADH	2	0.4	1.0
ESAM	3	0.166666666667	1.0
ASPM	6	0.4	1.0
SCTR	3	0.4	1.0
WNT5A	2	0.4	1.0
NCF2	4	0.166666666667	1.0
NCF1	3	0.166666666667	1.0
CLDN11	7	0.166666666667	1.0
CLDN16	6	0.166666666667	1.0
CLDN17	6	0.166666666667	1.0
ACE	2	0.6	1.0
NCF4	3	0.166666666667	1.0
CLDN18	6	0.166666666667	1.0
UBXN4	2	0.166666666667	1.0
ATP5J	2	0.4	1.0
VDR	3	0.8	1.0
ATP5O	3	0.6	1.0
COL24A1	3	0.4	1.0
ATP5B	5	0.4	1.0
HFE	2	0.166666666667	1.0
GNAI3	5	0.8	1.0
ATP5D	4	0.6	1.0
MST1R	2	0.166666666667	1.0
SDC4	11	0.166666666667	1.0
TBK1	3	0.2	1.0
SERPING1	3	0.6	1.0
KDM6A	3	0.166666666667	1.0
TRMT1	2	0.2	1.0
TBXA2R	8	0.4	1.0
CCNB2	2	1.0	1.0
SNUPN	2	0.6	1.0
COL9A2	2	0.6	1.0
COL9A3	3	0.2	1.0
COL9A1	3	0.6	1.0
UNC13D	2	0.166666666667	1.0
UNC13B	2	0.166666666667	1.0
VCAM1	8	0.166666666667	1.0
POMC	16	0.2	1.0
MNAT1	4	0.8	1.0
HNRNPUL1	4	0.4	1.0
TAB1	4	0.2	1.0
SEMA3A	2	0.166666666667	1.0
DDB1	2	0.8	1.0
HIRA	3	0.166666666667	1.0
PAIP2	2	0.166666666667	1.0
PARVG	2	0.4	1.0
MET	5	1.0	1.0
STEAP3	2	0.166666666667	1.0
ARHGEF25	8	0.166666666667	1.0
GLP2R	3	0.4	1.0
RPS13	8	0.6	1.0
CLPX	2	0.6	1.0
RPS10	8	0.2	1.0
RPS17	8	0.4	1.0
RPS16	11	0.6	1.0
RPS15	10	0.4	1.0
RPS14	11	0.166666666667	1.0
CLPP	4	0.8	1.0
RPS19	8	0.8	1.0
DNM2	5	0.4	1.0
RIPK1	3	0.6	1.0
DDOST	4	0.2	1.0
RRM2	5	0.8	1.0
RRM1	3	1.0	1.0
PUSL1	5	0.166666666667	1.0
DERA	3	0.2	1.0
PAPSS1	3	0.166666666667	1.0
TXN	5	0.6	1.0
PAPSS2	3	0.166666666667	1.0
TXK	2	0.2	1.0
TSR1	3	0.2	1.0
SLC9A3R1	5	0.166666666667	1.0
ARVCF	2	0.166666666667	1.0
WARS2	2	0.8	1.0
UBE2G2	2	0.2	1.0
TH	2	0.6	1.0
TF	3	1.0	1.0
DAPK1	3	0.166666666667	1.0
ULK2	2	0.166666666667	1.0
NR3C1	3	0.8	1.0
ULK1	2	0.166666666667	1.0
TNR	2	0.6	1.0
MLXIPL	2	0.2	1.0
CEP290	3	0.6	1.0
AR	11	0.2	1.0
TNC	2	0.8	1.0
HORMAD1	2	0.166666666667	1.0
RASA1	4	0.6	1.0
ACTN2	5	0.8	1.0
ACTN1	5	0.4	1.0
CYP4A11	2	0.6	1.0
ACTN4	7	0.166666666667	1.0
CLP1	4	0.6	1.0
PRPF38B	3	0.166666666667	1.0
EZR	8	0.2	1.0
PPP2R2A	4	1.0	1.0
PTPRF	2	0.166666666667	1.0
PTPRC	7	0.2	1.0
PAK3	2	0.2	1.0
PTPRJ	3	0.4	1.0
C17orf71	3	0.6	1.0
UBE3A	2	0.4	1.0
LTB4R2	9	0.2	1.0
STK11	7	0.166666666667	1.0
THBS3	3	0.166666666667	1.0
IFNAR2	2	0.6	1.0
SRSF11	8	0.6	1.0
MFAP1	2	0.2	1.0
PDE6H	2	0.6	1.0
NDUFAB1	3	1.0	1.0
TYROBP	5	0.4	1.0
NDUFB8	2	0.8	1.0
NOB1	2	0.4	1.0
HLA_DPB1	3	0.166666666667	1.0
GPR109B	9	0.4	1.0
HEBP1	9	0.4	1.0
OFD1	4	0.2	1.0
IRAK1	2	1.0	1.0
NDUFB5	2	1.0	1.0
WDR5	5	0.2	1.0
CYP2C8	2	0.8	1.0
NDUFB2	2	0.8	1.0
APRT	4	1.0	1.0
TUBGCP5	4	0.4	1.0
SMARCD3	7	0.4	1.0
SMARCD2	3	0.166666666667	1.0
ABLIM3	2	0.166666666667	1.0
ABLIM2	2	0.2	1.0
GATA4	3	0.4	1.0
GATA1	2	0.6	1.0
POU2AF1	2	0.2	1.0
CCND1	12	0.6	1.0
GRB10	4	0.166666666667	1.0
CCND3	3	1.0	1.0
CCND2	2	1.0	1.0
GRB14	2	0.166666666667	1.0
MPDZ	3	0.166666666667	1.0
F8	5	0.166666666667	1.0
CDKN3	3	1.0	1.0
LAT	2	0.6	1.0
TCF19	5	0.2	1.0
NTS	8	0.6	1.0
GPR17	15	0.166666666667	1.0
ATP6V1D	3	0.2	1.0
ATP6V1F	3	0.2	1.0
ATP6V1A	3	0.166666666667	1.0
DTL	3	1.0	1.0
GEMIN6	3	1.0	1.0
MX2	3	0.166666666667	1.0
ATP6V1H	4	0.166666666667	1.0
MX1	3	0.2	1.0
UROD	3	0.8	1.0
IFIT3	3	0.2	1.0
IFIT2	4	0.2	1.0
IFIT1	4	0.166666666667	1.0
EFTUD2	5	0.6	1.0
ISG15	5	0.4	1.0
DMAP1	2	0.2	1.0
HMMR	3	1.0	1.0
CACNA1H	3	0.2	1.0
TANK	2	0.2	1.0
MC3R	3	0.8	1.0
RPL19P12	2	1.0	1.0
INSIG1	2	0.166666666667	1.0
GDI2	3	0.4	1.0
GDI1	3	0.4	1.0
FTL	2	0.6	1.0
CD74	7	0.166666666667	1.0
DCK	2	0.2	1.0
GFM1	5	0.4	1.0
GFM2	3	0.166666666667	1.0
COL22A1	3	0.166666666667	1.0
CBL	15	0.2	1.0
PRKD1	2	0.4	1.0
PDE6B	2	0.6	1.0
PDE6C	2	0.6	1.0
GPX3	2	0.4	1.0
PDE6A	2	0.6	1.0
PDE6G	3	0.6	1.0
GPX7	2	1.0	1.0
LCP2	7	0.166666666667	1.0
FLNB	3	0.166666666667	1.0
FLNC	3	0.2	1.0
HES5	2	0.4	1.0
EIF4A3	5	0.4	1.0
CYP2J2	3	0.8	1.0
DNMT1	4	0.4	1.0
KLHL21	2	0.8	1.0
KLHL20	3	0.166666666667	1.0
PAG1	2	0.166666666667	1.0
TLE1	2	0.4	1.0
NBPF1	2	0.2	1.0
TLE4	2	0.2	1.0
TAF13	3	0.2	1.0
LTB4R	8	0.2	1.0
POLE	4	0.6	1.0
TAF10	5	0.4	1.0
ADCYAP1	4	0.166666666667	1.0
DCTN2	5	0.2	1.0
DCTN3	4	0.2	1.0
THRA	2	0.4	1.0
CDC6	5	1.0	1.0
CDC7	3	0.6	1.0
NDUFV3	2	0.8	1.0
PKLR	7	1.0	1.0
NDUFV1	3	0.6	1.0
CIITA	5	0.166666666667	1.0
KNTC1	3	1.0	1.0
FGF2	4	1.0	1.0
RAD51AP1	3	1.0	1.0
PSMD4	2	0.6	1.0
PARVB	2	0.4	1.0
ENPP1	5	0.166666666667	1.0
PARVA	2	0.6	1.0
RPL26	2	1.0	1.0
PBK	4	0.8	1.0
LAMA1	3	0.2	1.0
LAMA2	2	0.2	1.0
LAMA3	2	0.6	1.0
LAMA4	2	0.2	1.0
LAMA5	3	0.2	1.0
IL17C	2	0.166666666667	1.0
RXRG	4	0.2	1.0
RXRA	9	0.2	1.0
OPRM1	10	0.4	1.0
PSMD2	2	1.0	1.0
YAP1	4	0.4	1.0
TAF1B	2	0.2	1.0
F2	4	0.4	1.0
F3	2	0.6	1.0
F5	4	0.4	1.0
UBIAD1	6	0.166666666667	1.0
LSP1	2	0.166666666667	1.0
ATP6V1E1	4	0.6	1.0
PLCG1	23	0.166666666667	1.0
ATP6V1E2	2	0.166666666667	1.0
SSTR1	9	0.166666666667	1.0
SSTR3	9	0.2	1.0
SSTR2	9	0.2	1.0
SSTR5	10	0.2	1.0
SSTR4	9	0.166666666667	1.0
ABCA1	4	0.2	1.0
TUBGCP2	3	0.4	1.0
TUBGCP3	3	0.6	1.0
TUBGCP4	3	0.166666666667	1.0
SDC2	9	0.166666666667	1.0
TUBGCP6	3	0.6	1.0
SDC3	8	0.166666666667	1.0
PSMD8	2	1.0	1.0
PSMD5	2	1.0	1.0
IGSF5	2	0.2	1.0
FLAD1	2	0.2	1.0
TH1L	2	1.0	1.0
CTNNB1	17	0.166666666667	1.0
MITF	3	0.2	1.0
NGFR	3	0.6	1.0
CPSF7	4	0.6	1.0
PRC1	4	1.0	1.0
CPSF3	7	0.4	1.0
CPSF2	6	0.4	1.0
CPSF1	7	1.0	1.0
RPTOR	5	0.166666666667	1.0
EPS15	2	1.0	1.0
MYOG	4	0.2	1.0
HUGO	4	0.166666666667	1.0
MYOF	2	0.166666666667	1.0
HTT	3	0.8	1.0
RNMT	3	0.4	1.0
ITGB1	11	0.166666666667	1.0
NOS1	2	0.2	1.0
ITGB3	11	0.166666666667	1.0
ITGB2	9	0.166666666667	1.0
ITGB5	9	0.166666666667	1.0
ITGB4	11	0.166666666667	1.0
ARIH1	2	0.4	1.0
ITGB6	9	0.166666666667	1.0
ITGB8	9	0.166666666667	1.0
KPNB1	6	0.2	1.0
HGS	3	0.6	1.0
ABO	3	0.166666666667	1.0
YARS2	3	0.6	1.0
HGF	2	1.0	1.0
PLA2G4B	5	0.2	1.0
PLA2G4A	6	0.166666666667	1.0
PLA2G4F	2	0.4	1.0
PLA2G4E	5	0.4	1.0
NMUR2	15	0.166666666667	1.0
NMUR1	15	0.2	1.0
PARD3	3	0.2	1.0
NCK1	4	1.0	1.0
NCK2	4	0.166666666667	1.0
MYO6	2	0.6	1.0
MBD4	2	0.166666666667	1.0
MBD2	3	0.166666666667	1.0
LIPC	2	0.2	1.0
LILRA3	4	0.166666666667	1.0
AVPR1B	9	0.2	1.0
AVPR1A	9	0.166666666667	1.0
COL11A1	7	0.166666666667	1.0
COL11A2	2	0.6	1.0
ZFPM1	2	0.2	1.0
MAT1A	2	0.4	1.0
ARAF	4	0.166666666667	1.0
IFI44	2	0.2	1.0
RAD23B	2	0.6	1.0
NUDT21	5	0.2	1.0
EGF	12	0.4	1.0
RAN	9	0.166666666667	1.0
NFE2L2	2	0.6	1.0
FGR	5	0.4	1.0
PRNP	2	0.6	1.0
KLF4	3	1.0	1.0
NDUFA10	2	0.4	1.0
NDUFA12	2	0.8	1.0
FGG	2	0.8	1.0
FGA	2	1.0	1.0
IMP3	2	0.6	1.0
IMP4	4	0.2	1.0
MCHR2	15	0.8	1.0
CEP192	3	0.6	1.0
RPL35A	8	0.2	1.0
LPL	6	0.4	1.0
CACHD1	2	0.166666666667	1.0
PSMC2	2	1.0	1.0
LPA	2	0.166666666667	1.0
PLD1	2	0.8	1.0
PLD2	4	0.4	1.0
ARID1B	3	0.2	1.0
ARID1A	4	0.2	1.0
GNG7	2	0.4	1.0
VIP	2	0.8	1.0
GNG5	3	0.166666666667	1.0
GNG2	22	0.2	1.0
GNG3	4	0.4	1.0
MMAA	2	0.166666666667	1.0
ELMO1	2	0.2	1.0
GNG8	2	0.8	1.0
SNX2	3	0.2	1.0
SNX1	2	0.166666666667	1.0
FUS	5	0.4	1.0
RBBP7	3	1.0	1.0
RPL27A	8	0.4	1.0
NOS2	3	0.6	1.0
TCF7L1	2	0.4	1.0
PI4KA	3	0.2	1.0
NOS3	8	0.2	1.0
SMARCE1	5	0.166666666667	1.0
RNGTT	3	0.2	1.0
STAM	3	0.4	1.0
ADORA2B	4	0.6	1.0
ITGB7	9	0.166666666667	1.0
GALR2	9	0.166666666667	1.0
CCNE1	3	0.8	1.0
TIMELESS	2	0.6	1.0
FTSJ3	5	0.166666666667	1.0
CLDN8	6	0.166666666667	1.0
CLDN9	6	0.166666666667	1.0
DERL2	2	0.166666666667	1.0
CLDN1	6	0.166666666667	1.0
CLDN2	6	0.166666666667	1.0
CLDN3	5	0.166666666667	1.0
CLDN4	5	0.166666666667	1.0
CLDN5	5	0.166666666667	1.0
CLDN6	6	0.166666666667	1.0
CLDN7	6	0.166666666667	1.0
FIGF	2	0.8	1.0
RASGEF1A	3	0.166666666667	1.0
CSK	6	0.166666666667	1.0
JAM3	2	0.2	1.0
GUCY1B3	3	0.8	1.0
RPL23P8	11	0.6	1.0
MRAS	3	0.166666666667	1.0
EIF4H	3	0.4	1.0
CTPS	4	1.0	1.0
MKI67IP	2	1.0	1.0
TELO2	2	0.4	1.0
BCAR1	8	0.166666666667	1.0
EIF4B	4	0.8	1.0
IRF3	8	0.166666666667	1.0
C6orf48	2	0.2	1.0
IRF1	5	0.6	1.0
IRF7	7	0.166666666667	1.0
IRF6	6	0.166666666667	1.0
IRF5	5	0.4	1.0
IRF4	9	0.166666666667	1.0
IRF9	6	0.166666666667	1.0
IRF8	5	0.2	1.0
FAM103A1	2	0.4	1.0
DTYMK	5	0.8	1.0
CLK2	2	0.166666666667	1.0
HDAC1	14	0.2	1.0
MUT	2	0.6	1.0
HDAC3	11	0.166666666667	1.0
HDAC2	9	0.166666666667	1.0
CD70	2	0.166666666667	1.0
HDAC4	5	0.2	1.0
CHAD	2	0.4	1.0
GPER	9	0.6	1.0
RFC4	5	0.8	1.0
NOXO1	2	0.166666666667	1.0
RFC3	2	1.0	1.0
RFC2	2	1.0	1.0
TRIP10	2	1.0	1.0
FABP4	4	0.2	1.0
KIF11	3	1.0	1.0
SH3BP2	2	0.2	1.0
CBX8	2	0.4	1.0
ATXN7L3	3	0.2	1.0
CBX1	3	0.166666666667	1.0
TRIP13	3	0.8	1.0
ZBTB16	2	0.8	1.0
SEC61B	3	1.0	1.0
PSEN1	2	0.8	1.0
CDT1	4	1.0	1.0
C1QBP	2	0.6	1.0
MED21	5	0.6	1.0
TNFSF9	2	0.166666666667	1.0
CHPT1	2	0.6	1.0
MTO1	3	0.2	1.0
MT_CYB	3	0.8	1.0
SRP72	3	1.0	1.0
HRAS	11	0.4	1.0
ATP6V0B	2	0.6	1.0
ATP6V0C	2	0.166666666667	1.0
KLHL12	4	0.166666666667	1.0
KLHL13	2	0.4	1.0
GAB2	5	0.2	1.0
ASCL1	3	0.2	1.0
KAT2B	7	1.0	1.0
COL5A2	5	0.2	1.0
COL5A3	4	0.166666666667	1.0
COL5A1	6	0.4	1.0
MTOR	9	0.4	1.0
KAT2A	3	0.4	1.0
UNG	3	0.166666666667	1.0
NTSR1	10	0.166666666667	1.0
NAT10	7	0.166666666667	1.0
TRIT1	2	0.4	1.0
TAAR1	3	0.6	1.0
ITK	4	0.166666666667	1.0
NPY5R	9	0.2	1.0
SMEK1	2	0.166666666667	1.0
RAD51	5	0.8	1.0
SMEK2	2	0.166666666667	1.0
NPFF	8	0.166666666667	1.0
DPP4	2	0.2	1.0
NRF1	2	0.166666666667	1.0
USP8	3	0.166666666667	1.0
UQCR10	2	1.0	1.0
UQCR11	2	1.0	1.0
ERCC2	4	1.0	1.0
ERCC3	5	0.166666666667	1.0
ROCK1P1	4	0.166666666667	1.0
USP7	2	0.8	1.0
MRPS16	3	0.8	1.0
CD247	5	0.166666666667	1.0
MRPS12	5	0.4	1.0
MRPS11	4	0.4	1.0
HIP1	2	0.4	1.0
OPRL1	9	0.2	1.0
VIPR2	2	1.0	1.0
LOXL1	2	0.166666666667	1.0
RAD54L	3	0.8	1.0
ACADM	3	0.4	1.0
DVL2	3	0.6	1.0
MED11	3	0.4	1.0
MED12	4	0.4	1.0
MED13	3	0.6	1.0
MED14	3	0.6	1.0
MED15	3	0.8	1.0
MED16	3	0.2	1.0
MED17	4	0.6	1.0
MED18	3	0.4	1.0
MED19	3	0.6	1.0
INTS3	2	0.4	1.0
INTS2	2	0.166666666667	1.0
KLRC3	2	0.166666666667	1.0
INTS7	2	0.2	1.0
INTS6	2	0.2	1.0
EEF1A1P9	4	0.2	1.0
INTS4	2	0.2	1.0
LSM4	2	0.8	1.0
LSM5	2	0.166666666667	1.0
LSM6	2	0.166666666667	1.0
LSM7	2	0.6	1.0
LSM1	3	0.166666666667	1.0
LSM3	2	0.6	1.0
CYBB	3	0.2	1.0
CYBA	2	0.4	1.0
HMHA1	2	0.4	1.0
CTNNA1	3	0.8	1.0
CLEC4M	2	0.2	1.0
PPM1A	3	0.2	1.0
TOPBP1	3	0.2	1.0
MEAF6	2	0.166666666667	1.0
NOTCH1	7	0.6	1.0
CACNG8	3	0.2	1.0
EGR2	2	1.0	1.0
SSR2	3	0.8	1.0
SSR3	3	1.0	1.0
SSR4	3	0.8	1.0
CACNG1	3	0.8	1.0
CACNG2	3	0.8	1.0
CACNG3	3	0.8	1.0
DDC	2	0.4	1.0
CACNG6	3	0.2	1.0
CACNG7	3	0.8	1.0
HSF1	4	0.166666666667	1.0
PRPF4B	2	0.166666666667	1.0
TGM2	2	0.4	1.0
BGN	5	0.2	1.0
MYL6	2	0.4	1.0
OSM	3	0.4	1.0
MYL2	2	1.0	1.0
FURIN	4	0.166666666667	1.0
SNRNP200	4	0.6	1.0
GADD45A	2	0.6	1.0
RORA	2	0.8	1.0
INHBE	2	0.6	1.0
GP6	3	0.4	1.0
GJD3	2	0.166666666667	1.0
GJD2	3	0.166666666667	1.0
ADM2	4	0.6	1.0
GPI	2	1.0	1.0
RGS14	8	0.6	1.0
UPRT	2	0.4	1.0
NUPL2	5	0.2	1.0
SELL	3	0.2	1.0
MDM2	5	1.0	1.0
GMPS	4	1.0	1.0
IKBKB	7	0.166666666667	1.0
ATIC	3	0.6	1.0
SNRPD3	7	1.0	1.0
SNRPD2	8	0.4	1.0
SNRPD1	2	0.4	1.0
SFI1	3	0.2	1.0
SHANK2	3	0.166666666667	1.0
KIT	5	0.2	1.0
FOXA1	4	0.2	1.0
NMBR	8	0.166666666667	1.0
KPNA2	2	0.8	1.0
KPNA1	3	0.4	1.0
METTL1	3	0.2	1.0
NCAPG	3	1.0	1.0
HDAC10	2	0.8	1.0
MYO5A	3	0.2	1.0
CRP	6	0.2	1.0
GSPT2	3	0.4	1.0
CSTF3	5	0.166666666667	1.0
CARM1	7	0.8	1.0
FRS2	2	1.0	1.0
NAPRT1	2	0.166666666667	1.0
ITGA11	7	0.4	1.0
RGS18	14	0.2	1.0
CRK	8	0.2	1.0
CRH	3	0.4	1.0
RGS19	15	0.166666666667	1.0
EIF5B	3	1.0	1.0
EIF5A	2	0.2	1.0
CCKBR	9	0.2	1.0
DVL3	3	0.8	1.0
MAML1	2	0.4	1.0
PC	2	1.0	1.0
B4GALT1	4	0.166666666667	1.0
B4GALT3	3	0.166666666667	1.0
B4GALT2	4	0.166666666667	1.0
B4GALT4	3	0.166666666667	1.0
B4GALT7	3	0.166666666667	1.0
PGK1	3	0.8	1.0
EIF3H	7	0.2	1.0
GNL2	2	0.8	1.0
GBP2	6	0.166666666667	1.0
GBP1	5	0.166666666667	1.0
CSN1S1	7	0.166666666667	1.0
TUBB3	3	0.8	1.0
TRRAP	2	0.8	1.0
PARP1	4	0.8	1.0
EIF3K	5	0.166666666667	1.0
HERC5	3	0.2	1.0
CR2	3	0.166666666667	1.0
TNFRSF1B	2	0.4	1.0
FAM163A	2	0.2	1.0
LGMN	2	0.2	1.0
TNFRSF1A	4	0.4	1.0
HLA_A	6	0.4	1.0
PRPF19	2	0.4	1.0
POLE2	2	1.0	1.0
EIF3A	3	0.2	1.0
PHF5A	4	0.4	1.0
AGTR1	9	0.166666666667	1.0
TFDP2	2	0.8	1.0
TFDP1	3	0.8	1.0
MKNK2	2	0.166666666667	1.0
DHRS2	2	0.166666666667	1.0
PAX2	4	0.166666666667	1.0
EIF3E	5	0.2	1.0
CD4	23	0.166666666667	1.0
CCR1	11	0.166666666667	1.0
CCR2	4	1.0	1.0
CCR3	11	0.166666666667	1.0
CCR4	3	0.6	1.0
EIF3F	7	0.166666666667	1.0
CCR6	11	0.4	1.0
CCR7	12	0.2	1.0
CCR8	11	0.2	1.0
CCR9	3	0.8	1.0
KIAA0101	3	1.0	1.0
EIF3G	6	0.2	1.0
RAF1	9	0.166666666667	1.0
DOCK11	4	0.166666666667	1.0
STAT6	11	0.166666666667	1.0
EHMT2	2	0.166666666667	1.0
STAT3	15	0.8	1.0
SEC23A	4	0.166666666667	1.0
STAT1	14	0.166666666667	1.0
GNGT2	4	0.166666666667	1.0
CD81	2	0.2	1.0
CD80	3	0.4	1.0
HPRT1	2	0.8	1.0
CD82	2	0.166666666667	1.0
CD86	5	0.166666666667	1.0
HBEGF	2	0.8	1.0
ICAM3	3	0.166666666667	1.0
ICAM2	3	0.166666666667	1.0
ICAM1	8	0.166666666667	1.0
CYP7A1	2	0.4	1.0
DPM2	2	0.2	1.0
IGBP1	2	0.166666666667	1.0
NUP54	4	0.2	1.0
CD63	2	0.166666666667	1.0
PDYN	10	0.2	1.0
VCAN	3	0.2	1.0
CD69	3	0.166666666667	1.0
CD8A	6	0.166666666667	1.0
STATH	2	0.166666666667	1.0
VIPR1	3	0.2	1.0
CDA	2	0.6	1.0
SGK1	3	0.4	1.0
PLXNA3	2	0.166666666667	1.0
PLXNA2	2	0.166666666667	1.0
PLXNA1	3	0.2	1.0
PLXNA4	2	0.4	1.0
PLG	4	0.6	1.0
WDR12	3	0.6	1.0
SRP68	3	0.2	1.0
PLN	2	0.4	1.0
PDE4B	3	1.0	1.0
PDE4C	3	0.2	1.0
PDE4D	3	0.2	1.0
MAP4K1	2	0.2	1.0
PPP2R1A	11	0.6	1.0
PPP2R1B	3	0.4	1.0
MAP4K4	2	0.6	1.0
KIRREL	3	0.166666666667	1.0
CYCS	4	0.8	1.0
MAP2K3	2	0.6	1.0
MAP2K2	2	0.2	1.0
MAP2K1	7	0.166666666667	1.0
WASL	3	0.6	1.0
ADCYAP1R1	3	0.6	1.0
NEFM	2	0.166666666667	1.0
NEFL	2	0.166666666667	1.0
AMBP	3	0.6	1.0
NEFH	2	0.2	1.0
GAN	2	0.166666666667	1.0
GAL	9	0.2	1.0
PPY	9	0.166666666667	1.0
ACTL6A	6	0.166666666667	1.0
GNGT1	3	0.6	1.0
GAA	2	0.166666666667	1.0
ESRRA	2	0.2	1.0
SUV39H1	2	1.0	1.0
CLDN22	6	0.166666666667	1.0
CLDN20	6	0.166666666667	1.0
NUP50	5	0.166666666667	1.0
IL28A	2	0.166666666667	1.0
RHOBTB2	4	0.2	1.0
MCHR1	15	0.166666666667	1.0
RHOBTB1	4	0.2	1.0
OPRK1	9	0.166666666667	1.0
GRPR	9	0.2	1.0
INO80C	2	0.6	1.0
TIE1	2	0.166666666667	1.0
CYC1	4	0.4	1.0
TFCP2	2	0.166666666667	1.0
BAZ1B	3	0.166666666667	1.0
ABCC8	2	0.166666666667	1.0
HTR1D	9	0.2	1.0
HTR1E	9	0.4	1.0
HTR1F	9	0.2	1.0
HTR1A	9	0.2	1.0
HTR1B	9	0.166666666667	1.0
CKAP5	3	1.0	1.0
BCL2L1	3	0.8	1.0
ERBB2IP	2	0.2	1.0
UTS2D	8	0.166666666667	1.0
UTS2R	9	0.166666666667	1.0
ZNF74	2	0.166666666667	1.0
GNB2L1	8	1.0	1.0
CSNK1D	3	1.0	1.0
CSNK1E	3	0.8	1.0
GOLGA4	2	0.166666666667	1.0
LIG1	3	0.2	1.0
EDN1	14	0.166666666667	1.0
PTBP2	2	0.2	1.0
PTBP1	6	0.166666666667	1.0
EDN2	8	0.2	1.0
ISCU	2	0.2	1.0
HK2	2	0.4	1.0
HK3	2	0.4	1.0
HK1	4	0.4	1.0
ENPP3	4	0.166666666667	1.0
CELA3A	2	0.8	1.0
CACNA2D1	3	0.166666666667	1.0
CSNK2A2	2	0.166666666667	1.0
KCTD13	2	0.2	1.0
KCTD10	2	0.166666666667	1.0
CSPG4	2	0.4	1.0
CSPG5	3	0.2	1.0
CD2AP	2	0.8	1.0
SUPT4H1	2	0.4	1.0
GFRA1	3	0.2	1.0
XRN1	2	0.4	1.0
RPS3	10	1.0	1.0
TNF	3	1.0	1.0
SLC2A4	5	1.0	1.0
CTNND1	5	0.4	1.0
EP300	12	0.4	1.0
COL8A1	3	0.2	1.0
UBE2L6	3	0.2	1.0
DNM1	6	0.2	1.0
GPBAR1	3	0.8	1.0
EED	2	0.8	1.0
MAPKAPK2	3	0.4	1.0
THBS4	3	0.4	1.0
THBS2	3	0.2	1.0
GNG4	2	0.6	1.0
THBS1	3	1.0	1.0
PIK3R6	2	0.2	1.0
PIK3R5	11	0.4	1.0
ABCB1	3	0.166666666667	1.0
PIK3R3	20	0.166666666667	1.0
PIK3R2	23	0.166666666667	1.0
PIK3R1	29	0.166666666667	1.0
DBF4	3	0.8	1.0
PDHB	3	0.8	1.0
NHP2L1	5	0.8	1.0
IFT74	2	0.166666666667	1.0
NPHS2	2	0.4	1.0
XAF1	2	1.0	1.0
TAF7	4	0.4	1.0
TAF6	5	0.166666666667	1.0
TAF5	3	0.4	1.0
TAF4	5	0.6	1.0
TAF2	3	0.2	1.0
TAF1	4	0.2	1.0
ETV6	2	0.166666666667	1.0
AP1G1	4	0.2	1.0
G6PD	4	0.2	1.0
HMOX1	3	0.8	1.0
TAF9	6	0.4	1.0
BAT4	2	0.166666666667	1.0
RAB3B	2	0.4	1.0
TOMM40L	2	0.2	1.0
CFL1	2	0.166666666667	1.0
RAD23A	3	0.166666666667	1.0
CEL	3	0.2	1.0
PRMT1	3	0.8	1.0
CNO	2	0.4	1.0
ABL1	7	1.0	1.0
ABL2	2	0.2	1.0
IKZF1	2	0.166666666667	1.0
NCAM1	10	0.166666666667	1.0
TAC1	9	0.166666666667	1.0
CCDC101	2	0.8	1.0
CGN	5	0.166666666667	1.0
GRAP	3	0.166666666667	1.0
HNRNPR	4	0.6	1.0
HNRNPU	5	0.8	1.0
SNRPG	8	0.4	1.0
AP2M1	4	0.4	1.0
POLD1	6	0.8	1.0
POLD2	2	0.8	1.0
HNRNPK	7	0.4	1.0
HNRNPL	4	0.4	1.0
HNRNPM	3	1.0	1.0
PML	5	0.2	1.0
IL4I1	2	0.6	1.0
HNRNPC	5	0.4	1.0
HNRNPD	6	0.4	1.0
HNRNPF	4	0.6	1.0
PLEKHG2	3	0.6	1.0
PRUNE	3	0.166666666667	1.0
FES	4	0.166666666667	1.0
SERPINF2	3	0.4	1.0
GHSR	8	0.2	1.0
MLST8	5	0.166666666667	1.0
CEP152	3	0.2	1.0
RGS10	8	0.2	1.0
IFNA2	2	0.4	1.0
ID2	3	0.2	1.0
C19orf61	3	0.8	1.0
GLUD1	2	0.6	1.0
ID1	2	0.4	1.0
SREBF2	5	0.166666666667	1.0
SREBF1	3	0.4	1.0
ERN1	2	0.2	1.0
ISG20	2	0.2	1.0
HSP90AA2	6	0.2	1.0
TADA1	3	0.166666666667	1.0
TADA3	3	0.4	1.0
HLA_B	11	0.166666666667	1.0
PTH1R	3	0.4	1.0
KARS	3	0.8	1.0
AARS	2	0.8	1.0
CPSF3L	2	0.2	1.0
SSRP1	3	0.6	1.0
SCP2	2	0.4	1.0
TCF7L2	5	0.2	1.0
IL12A	2	0.2	1.0
MSN	4	0.166666666667	1.0
PDE9A	2	0.4	1.0
CCAR1	4	0.6	1.0
COL20A1	3	0.4	1.0
SEC31A	3	0.6	1.0
SRP54	4	0.8	1.0
HJURP	2	1.0	1.0
TAF6L	4	0.6	1.0
EXOSC6	2	0.6	1.0
RPS21	8	0.8	1.0
HLA_DMA	3	0.166666666667	1.0
HLA_DMB	2	0.166666666667	1.0
GLI1	4	0.166666666667	1.0
DAP	2	0.166666666667	1.0
FSHR	3	1.0	1.0
DGCR14	3	0.166666666667	1.0
COL8A2	3	0.2	1.0
PDGFB	5	0.2	1.0
TSGA14	3	0.4	1.0
CLASP1	4	1.0	1.0
PDIA3	3	0.166666666667	1.0
PLAU	2	1.0	1.0
GPC1	5	0.4	1.0
GPC2	3	0.166666666667	1.0
GPC3	4	0.2	1.0
GPC4	3	0.2	1.0
GPC5	4	0.166666666667	1.0
GPC6	3	0.2	1.0
ALOX15B	2	0.6	1.0
NFIC	4	0.166666666667	1.0
RCC1	3	0.166666666667	1.0
NFIA	3	0.166666666667	1.0
PLEKHG5	4	0.2	1.0
SELE	4	0.2	1.0
TIRAP	2	0.4	1.0
GDNF	3	0.6	1.0
ACTL6B	3	0.2	1.0
DNM1L	2	0.2	1.0
SERPINH1	2	0.2	1.0
NFIX	4	0.166666666667	1.0
SELP	4	0.2	1.0
