5.05402782271
5.11667213653
5.05464216634
5.05534936259
5.05756207675
5.03624939584
5.0976244712
5.0175887432
5.06379170057
4.94831673779
5.06437418514
4.96760362077
4.98934308891
5.03584113658
4.99824505424
5.02108142903
4.91890205864
4.97816036984
5.09899219766
5.01935380678
5.01559987134
5.11662855276
5.04072470739
4.98176339994
5.19867549669
5.00176848875
5.02658126501
5.0741218176
5.04151857835
5.13736444298
5.02961055681
5.11599934091
5.11342894394
5.04693779135
5.12127659574
5.12896336455
5.03907006781
5.06518566564
5.05370430281
5.04506402983
4.99521988528
5.1641025641
4.97431018078
5.06285253828
5.06350495371
5.15398520953
4.9537197915
5.08318498139
5.15457983884
5.09309504468
5.05335489086
5.02442180171
5.15764357413
5.06730457347
4.94431260876
4.99968
4.9355296343
5.07796223958
5.03919678715
5.04411764706
5.03062046737
4.98666031444
4.98300238284
4.97032546267
5.19433868565
5.060562249
5.09123376623
5.12082178379
5.1022578534
5.0384367964
5.04626047711
4.96999523734
4.94008199306
4.86731340948
4.9507706826
5.07089793282
5.07495576645
5.13750616067
5.104995905
5.13806092368
4.95165354331
4.94283452098
4.99157124682
5.05078440886
4.96760429836
4.96635988575
4.92756349953
5.11261187958
5.08523096942
5.12034477151
5.03776604257
4.97812648597
5.09649691859
5.02753623188
5.01511011091
5.08848700145
5.02227564103
5.13109906358
5.00398914951
4.92451057165
5.02633269107
5.22017734649
5.1360354447
5.10694579682
4.96574690771
5.11031331593
5.00896
5.08803905614
4.95373891001
4.935340729
5.06730148483
5.09939808036
5.02882591093
4.95153141775
5.06847755368
5.01511011091
5.17864815733
5.08486126886
5.05015173295
5.1151149519
4.98727330576
5.16426799007
5.03868378812
4.92414981978
5.0353567969
5.06100924874
5.06721736314
5.07116286592
5.03923151437
4.83330746547
5.11633219122
4.97772119669
4.87613104524
5.04347826087
5.02303262956
5.20516214428
5.03480502739
5.02936928262
5.01983870968
5.17981438515
5.12044451708
4.8689601251
5.08394101442
4.89751601312
5.05501774766
4.92369163272
5.0130844104
5.03459372486
5.01543904793
5.08318498139
5.14631355239
4.99711075441
5.16468646865
5.06518566564
5.18118466899
5.06969205835
5.06076276665
5.21915747242
5.07677197577
5.02112337974
5.08518578614
5.05182926829
5.08389097438
5.04443728868
5.03427743804
4.98727330576
5.05756207675
5.1151149519
5.14210699048
4.9482021226
5.10693263571
5.07782481276
5.03917790623
5.17891954403
5.10709614127
5.01753539254
4.86731340948
5.12896336455
5.00836954772
5.08338751625
5.02054574639
5.065094492
5.10004920453
5.03186039065
5.03157051282
4.9814962514
5.14161470299
5.03882087629
5.05100563154
5.00031740993
5.10419044513
5.07220333495
5.07857720291
5.05623787977
5.03410376596
5.05756207675
5.00176848875
5.03795432615
4.95168929586
5.0625201418
5.0397297732
5.03250724171
5.13442354865
5.12144026187
5.15474428548
4.99074074074
5.10921223958
5.04922238256
5.06298200514
5.04331723027
4.98776029248
5.04459829335
4.91963171036
5.02044401853
5.01050250444
5.06259121129
4.9910785407
5.04260772065
5.05534936259
4.96133207071
4.98033618776
5.13750616067
4.99904564975
5.07295516632
5.03237757732
4.98432752279
5.00367353458
5.04331723027
5.14556857567
4.98791924972
5.09300438241
5.05062267508
5.06626701231
5.03975535168
5.01903086518
4.93844949099
5.14142245637
4.94844543147
5.01584253481
5.09172077922
5.10187755102
5.08557019684
5.0231851615
5.00318420634
5.0088581092
5.02255278311
5.05030341744
5.20341511936
5.08696358908
5.003034659
4.98902147971
5.04662379421
5.15090938883
5.05751570807
5.0674358141
4.9846301633
5.0624294241
5.16782178218
4.94669408415
5.04936280045
5.08786202408
5.14556857567
5.14023290143
4.96641967523
5.05756207675
4.96301000159
5.14006888634
5.10242146597
5.12228571429
4.935340729
5.13044192541
5.08457792208
5.17917355372
4.99410170572
5.06586632057
5.01038007027
5.01992928319
4.97546598694
5.07803609169
5.03787514043
4.94716025945
5.06670953223
5.14825197889
4.92629763212
4.94896834147
4.9392116511
4.96635988575
5.01473650489
5.03584113658
5.03385207765
5.18700396825
4.91905801622
5.05215565962
4.98877845463
4.97363824043
5.03228397045
4.990103751
5.08318498139
5.07876322213
5.10755671617
5.09529257927
5.0304633638
5.0652560168
5.11219830398
4.99698077229
5.08573287783
5.08331987728
4.98514538559
4.95922544081
5.15111695138
4.96090178149
4.99144351133
4.99376598465
4.94336339187
4.97242909206
4.9891650733
4.99410170572
5.05756207675
5.05943943299
5.0175887432
5.04538846713
4.96375435264
5.12085230969
5.21856287425
5.03250724171
5.00895856663
4.98298346056
4.98602509131
5.20516214428
5.01039002558
5.09133301174
4.96722090261
5.14080600424
4.93682225365
5.01409578728
5.17853014038
4.93829287392
5.06793125811
4.94505667506
5.02368
5.0335581246
4.98353127474
5.0397297732
5.23241436926
5.06541754159
5.04825129534
5.04691278414
5.00462593715
4.93930772878
5.04409398133
5.1957354656
4.94291555276
4.98017760863
5.0364516129
4.97526557793
4.96641967523
5.03764478764
5.05218936823
5.10419044513
5.0593371059
4.94379538996
4.98624220125
5.18273524062
5.06475976217
5.04459829335
5.04559368455
5.06743394391
5.10276550483
4.96251779219
5.09712988487
4.99297685555
5.00670391061
4.93905334811
5.02923694779
4.95137353963
5.11940789474
5.04278846154
5.04437631112
5.09649691859
5.17780704643
4.93682225365
5.05935483871
4.91044542033
5.01140195921
5.21915747242
4.95852389213
5.05100563154
5.08251793868
5.03237757732
5.0725572396
5.12461363267
5.05706433883
5.09866710013
4.94387351779
4.9725788556
5.03567969002
5.06298200514
5.10900473934
5.07510137875
5.06885986131
5.00831467861
5.01978128015
5.00063918185
4.99026336792
5.0915930651
5.01185707419
5.060074086
5.00610736098
5.01304347826
4.998881253
5.10718954248
5.03764478764
5.22357047872
5.03124499279
4.99410170572
5.04967845659
5.11015013055
4.97704081633
5.0507083065
5.11047650131
5.05165991903
5.06654878637
5.05758313058
5.13750616067
5.0462455688
5.04593239528
4.94016146905
5.04288467716
5.07116286592
5.05030341744
5.14825197889
4.98101770617
5.09284207109
4.98432752279
4.97025787059
5.12228571429
5.05030341744
5.08472922426
5.03444426726
5.04936280045
5.04855305466
5.03108476206
4.93550436855
5.09012385919
5.0106365834
5.21899030425
5.00335409679
4.96936507937
5.03228397045
4.93682225365
5.02709201667
5.06316986034
5.05070014486
5.1645278052
4.96996662959
5.03427743804
5.03611738149
4.99060060538
4.97412287665
5.12736773351
4.99441964286
5.0670525808
4.9808551372
4.97772119669
4.93647540984
5.01667201026
5.08321167883
4.96728530985
4.97307570478
4.92339282894
5.01787727492
4.9980873446
4.93040583386
4.98031433561
5.09458367017
5.07639902676
5.07251784555
5.00224430907
5.05638794909
5.12457086807
4.99443207127
5.17853014038
5.23241436926
5.17981438515
4.99952015355
5.01140195921
5.05218936823
5.16765676568
4.94113934038
5.00836954772
5.06541754159
5.04049493813
5.0
5.06379170057
5.03566858605
5.11725483819
5.18342705921
4.95820801013
