PROTEIN	NUM_BINDERS	P_VALUE	P_VALUE_CORRECTED
ENSG00000206406	2	0.137254901961	0.999999711587
TP53BP1	2	0.0196078431373	0.867327021148
ENSG00000206282	2	0.0196078431373	0.867327021148
ENSG00000206300	2	0.137254901961	0.999999711587
SHOC2	2	0.0196078431373	0.867327021148
CCNA2	2	0.0196078431373	0.867327021148
NF1	2	0.0196078431373	0.867327021148
KRAS	3	0.0196078431373	0.867327021148
GNAI1	2	0.0196078431373	0.867327021148
XRCC6	2	0.176470588235	0.999999997492
HIST4H4	2	0.254901960784	1.0
RASSF5	2	0.0392156862745	0.983101731714
RAP1GDS1	2	0.0196078431373	0.867327021148
PRKDC	2	0.0196078431373	0.867327021148
HIST1H4L	2	0.254901960784	1.0
KIAA0664	2	0.0588235294118	0.997937242142
GNL3	2	0.0588235294118	0.997937242142
MAP2K1	2	0.0588235294118	0.997937242142
PIK3CA	2	0.0196078431373	0.867327021148
CDC2	2	0.137254901961	0.999999711587
TFDP2	2	0.0392156862745	0.983101731714
STK4	2	0.0392156862745	0.983101731714
CALM1	2	0.21568627451	0.999999999983
RAF1	3	0.0196078431373	0.867327021148
PRKCB	2	0.078431372549	0.999759107351
UBC	2	0.333333333333	1.0
PRKCA	3	0.0196078431373	0.867327021148
HIST2H4B	2	0.254901960784	1.0
CSNK2A1P	2	0.352941176471	1.0
XPO1	2	0.176470588235	0.999999997492
HSP90AA2	2	0.117647058824	0.999997145576
PPP3CA	2	0.0392156862745	0.983101731714
NAP1L1	2	0.0588235294118	0.997937242142
MAP2K2	2	0.0588235294118	0.997937242142
PRKCG	2	0.0392156862745	0.983101731714
RPA1	2	0.0196078431373	0.867327021148
MDC1	2	0.0392156862745	0.983101731714
E2F1	3	0.0196078431373	0.867327021148
CSNK1E	2	0.0588235294118	0.997937242142
TP53	4	0.0196078431373	0.867327021148
E2F4	2	0.0588235294118	0.997937242142
MLLT4	2	0.0196078431373	0.867327021148
YWHAB	2	0.176470588235	0.999999997492
CHEK1	2	0.0392156862745	0.983101731714
XRCC5	2	0.0392156862745	0.983101731714
RGL3	2	0.0392156862745	0.983101731714
HDAC2	2	0.078431372549	0.999759107351
BRCA1	3	0.0196078431373	0.867327021148
NPM1	2	0.196078431373	0.999999999785
HIST2H4A	2	0.254901960784	1.0
HIST1H4J	2	0.254901960784	1.0
IFI16	2	0.0196078431373	0.867327021148
PARP1	2	0.078431372549	0.999759107351
SMAD3	2	0.078431372549	0.999759107351
ENSG00000206385	2	0.0392156862745	0.983101731714
CSNK1D	2	0.0392156862745	0.983101731714
HIST1H4H	2	0.254901960784	1.0
TFDP1	3	0.0196078431373	0.867327021148
PIN1	2	0.078431372549	0.999759107351
HDAC1	3	0.0392156862745	0.983101731714
JAK2	2	0.0588235294118	0.997937242142
GNAI3	2	0.0392156862745	0.983101731714
CHEK2	2	0.0196078431373	0.867327021148
CALM2	2	0.21568627451	0.999999999983
HIST1H4C	2	0.254901960784	1.0
ATM	2	0.0196078431373	0.867327021148
EGR1	2	0.0196078431373	0.867327021148
EP300	2	0.117647058824	0.999997145576
SUMO1P3	4	0.0196078431373	0.867327021148
YWHAE	2	0.196078431373	0.999999999785
MAPK1	3	0.0196078431373	0.867327021148
CDK2	2	0.137254901961	0.999999711587
NCL	2	0.21568627451	0.999999999983
HIST1H4K	2	0.254901960784	1.0
ENSG00000206210	2	0.0196078431373	0.867327021148
HIST1H4D	2	0.254901960784	1.0
RGL2	2	0.0196078431373	0.867327021148
RASGRF1	2	0.0196078431373	0.867327021148
HIST1H4B	2	0.254901960784	1.0
BLM	3	0.0196078431373	0.867327021148
RB1	4	0.0196078431373	0.867327021148
HNRNPC	2	0.235294117647	0.999999999999
HIST1H4F	2	0.254901960784	1.0
BCL2	4	0.0196078431373	0.867327021148
SMARCA4	2	0.0588235294118	0.997937242142
HIST1H4A	2	0.254901960784	1.0
CALM3	2	0.21568627451	0.999999999983
RALGDS	2	0.0196078431373	0.867327021148
NR3C1	2	0.078431372549	0.999759107351
RRAS2	2	0.0196078431373	0.867327021148
psiTPTE22	2	0.0588235294118	0.997937242142
SPEN	2	0.0392156862745	0.983101731714
HIST1H4E	2	0.254901960784	1.0
CDC25C	2	0.0196078431373	0.867327021148
ERBB3	2	0.117647058824	0.999997145576
TOP2B	2	0.0588235294118	0.997937242142
SMAD4	2	0.0196078431373	0.867327021148
CSNK2B	2	0.137254901961	0.999999711587
PPP2R1A	2	0.078431372549	0.999759107351
HSP90AB1	2	0.509803921569	1.0
TOP1	2	0.0588235294118	0.997937242142
HIST1H4I	2	0.254901960784	1.0
