PROTEIN	NUM_BINDERS	P_VALUE	P_VALUE_CORRECTED
ENSG00000206406	2	0.108910891089	0.999992202492
TP53BP1	2	0.029702970297	0.953838533779
ENSG00000206282	2	0.00990099009901	0.637573559132
ENSG00000206300	2	0.108910891089	0.999992202492
SHOC2	2	0.049504950495	0.994365107383
CCNA2	2	0.00990099009901	0.637573559132
NF1	2	0.019801980198	0.869980131304
KRAS	3	0.00990099009901	0.637573559132
GNAI1	2	0.00990099009901	0.637573559132
XRCC6	2	0.188118811881	0.999999999414
HIST4H4	2	0.207920792079	0.999999999953
RASSF5	2	0.019801980198	0.869980131304
RAP1GDS1	2	0.00990099009901	0.637573559132
PRKDC	2	0.019801980198	0.869980131304
HIST1H4L	2	0.207920792079	0.999999999953
KIAA0664	2	0.049504950495	0.994365107383
GNL3	2	0.0693069306931	0.999341946897
MAP2K1	2	0.039603960396	0.983784260113
PIK3CA	2	0.00990099009901	0.637573559132
CDC2	2	0.138613861386	0.999999754425
TFDP2	2	0.039603960396	0.983784260113
STK4	2	0.019801980198	0.869980131304
CALM1	2	0.19801980198	0.999999999832
RAF1	3	0.019801980198	0.869980131304
PRKCB	2	0.0891089108911	0.999926619906
UBC	2	0.316831683168	1.0
PRKCA	3	0.019801980198	0.869980131304
HIST2H4B	2	0.207920792079	0.999999999953
CSNK2A1P	2	0.257425742574	1.0
XPO1	2	0.207920792079	0.999999999953
HSP90AA2	2	0.118811881188	0.999997505402
PPP3CA	2	0.039603960396	0.983784260113
NAP1L1	2	0.0594059405941	0.998063454909
MAP2K2	2	0.039603960396	0.983784260113
PRKCG	2	0.049504950495	0.994365107383
RPA1	2	0.039603960396	0.983784260113
MDC1	2	0.019801980198	0.869980131304
E2F1	3	0.00990099009901	0.637573559132
CSNK1E	2	0.049504950495	0.994365107383
TP53	4	0.00990099009901	0.637573559132
E2F4	2	0.049504950495	0.994365107383
MLLT4	2	0.049504950495	0.994365107383
YWHAB	2	0.148514851485	0.99999992448
CHEK1	2	0.019801980198	0.869980131304
XRCC5	2	0.039603960396	0.983784260113
RGL3	2	0.019801980198	0.869980131304
HDAC2	2	0.0990099009901	0.999975931895
BRCA1	3	0.029702970297	0.953838533779
NPM1	2	0.148514851485	0.99999992448
HIST2H4A	2	0.207920792079	0.999999999953
HIST1H4J	2	0.207920792079	0.999999999953
IFI16	2	0.019801980198	0.869980131304
PARP1	2	0.0891089108911	0.999926619906
SMAD3	2	0.0990099009901	0.999975931895
ENSG00000206385	2	0.019801980198	0.869980131304
CSNK1D	2	0.039603960396	0.983784260113
HIST1H4H	2	0.207920792079	0.999999999953
TFDP1	3	0.00990099009901	0.637573559132
PIN1	2	0.0594059405941	0.998063454909
HDAC1	3	0.019801980198	0.869980131304
JAK2	2	0.0594059405941	0.998063454909
GNAI3	2	0.019801980198	0.869980131304
CHEK2	2	0.00990099009901	0.637573559132
CALM2	2	0.19801980198	0.999999999832
HIST1H4C	2	0.207920792079	0.999999999953
ATM	2	0.00990099009901	0.637573559132
EGR1	2	0.00990099009901	0.637573559132
EP300	2	0.118811881188	0.999997505402
SUMO1P3	4	0.029702970297	0.953838533779
YWHAE	2	0.207920792079	0.999999999953
MAPK1	3	0.00990099009901	0.637573559132
CDK2	2	0.138613861386	0.999999754425
NCL	2	0.19801980198	0.999999999832
HIST1H4K	2	0.207920792079	0.999999999953
ENSG00000206210	2	0.00990099009901	0.637573559132
HIST1H4D	2	0.207920792079	0.999999999953
RGL2	2	0.00990099009901	0.637573559132
RASGRF1	2	0.019801980198	0.869980131304
HIST1H4B	2	0.207920792079	0.999999999953
BLM	3	0.00990099009901	0.637573559132
RB1	4	0.00990099009901	0.637573559132
HNRNPC	2	0.227722772277	0.999999999996
HIST1H4F	2	0.207920792079	0.999999999953
BCL2	4	0.00990099009901	0.637573559132
SMARCA4	2	0.0693069306931	0.999341946897
HIST1H4A	2	0.207920792079	0.999999999953
CALM3	2	0.19801980198	0.999999999832
RALGDS	2	0.00990099009901	0.637573559132
NR3C1	2	0.0594059405941	0.998063454909
RRAS2	2	0.00990099009901	0.637573559132
psiTPTE22	2	0.049504950495	0.994365107383
SPEN	2	0.019801980198	0.869980131304
HIST1H4E	2	0.207920792079	0.999999999953
CDC25C	2	0.019801980198	0.869980131304
ERBB3	2	0.0693069306931	0.999341946897
TOP2B	2	0.039603960396	0.983784260113
SMAD4	2	0.00990099009901	0.637573559132
CSNK2B	2	0.108910891089	0.999992202492
PPP2R1A	2	0.0693069306931	0.999341946897
HSP90AB1	2	0.475247524752	1.0
TOP1	2	0.049504950495	0.994365107383
HIST1H4I	2	0.207920792079	0.999999999953
