PROTEIN	NUM_BINDERS	P_VALUE	P_VALUE_CORRECTED
AIMP2	2	0.0980392156863	1.0
YWHAZ	2	0.960784313725	1.0
PSMC2	2	0.411764705882	1.0
PSMB3	2	0.196078431373	1.0
IFNA13	4	0.0392156862745	0.999999825628
IFNA14	4	0.0392156862745	0.999999825628
HSPA5	3	0.549019607843	1.0
IL22RA1	3	0.0196078431373	0.999548629487
DHX9	3	0.078431372549	1.0
GLT8D3	2	0.0196078431373	0.999548629487
MAP3K5	3	0.156862745098	1.0
SIK3	2	0.21568627451	1.0
CALM3	3	0.313725490196	1.0
PSMC5	2	0.235294117647	1.0
PPP1CC	2	0.470588235294	1.0
RAP1A	2	0.21568627451	1.0
IFNG	4	0.0392156862745	0.999999825628
IL22	4	0.0392156862745	0.999999825628
PSMD6	2	0.294117647059	1.0
KIAA0528	2	0.176470588235	1.0
HNRNPL	2	0.137254901961	1.0
LIF	4	0.0392156862745	0.999999825628
SEC11A	2	0.0196078431373	0.999548629487
CALM1	3	0.313725490196	1.0
IFNA4	4	0.0392156862745	0.999999825628
PRMT1	3	0.0392156862745	0.999999825628
TP53	2	0.921568627451	1.0
SPEG	2	0.372549019608	1.0
TRAFD1	2	0.0588235294118	0.999999999943
G3BP1	2	0.0196078431373	0.999548629487
FDPS	2	0.0196078431373	0.999548629487
PA2G4	2	0.0196078431373	0.999548629487
TRAF3	2	0.156862745098	1.0
TNFRSF19	2	0.0588235294118	0.999999999943
PSMD13	2	0.313725490196	1.0
FN1	2	0.372549019608	1.0
HSPA1A	5	0.0196078431373	0.999548629487
JAK1	6	0.0196078431373	0.999548629487
PINK1	2	0.137254901961	1.0
NEDD8	2	0.117647058824	1.0
MAP3K8	3	0.0196078431373	0.999548629487
PSMD14	2	0.274509803922	1.0
IL12RB2	3	0.0196078431373	0.999548629487
ATP6V1E1	2	0.078431372549	1.0
SMAD3	2	0.549019607843	1.0
TXN	2	0.0980392156863	1.0
TSLP	4	0.0392156862745	0.999999825628
ATP5J2	2	0.0588235294118	0.999999999943
PSMB1	2	0.254901960784	1.0
ACTN4	2	0.176470588235	1.0
LOC100130702	3	0.78431372549	1.0
MAP3K1	4	0.0588235294118	0.999999999943
IFNGR1	3	0.0392156862745	0.999999825628
ACVR1B	3	0.0392156862745	0.999999825628
EPO	4	0.0392156862745	0.999999825628
IL10	4	0.0392156862745	0.999999825628
TAOK1	2	0.352941176471	1.0
SIK2	2	0.137254901961	1.0
SOCS4	4	0.0392156862745	0.999999825628
ENSG00000112049	2	0.0196078431373	0.999548629487
SUMO1P3	3	0.43137254902	1.0
MAPK14	5	0.0588235294118	0.999999999943
CTF1	4	0.0392156862745	0.999999825628
PPP2R1A	4	0.0392156862745	0.999999825628
REXO2	2	0.0392156862745	0.999999825628
PLCG1	5	0.0196078431373	0.999548629487
ZFP91	4	0.0588235294118	0.999999999943
STAT1	2	0.235294117647	1.0
ADAM28	2	0.450980392157	1.0
GH1	4	0.0980392156863	1.0
GFPT1	3	0.137254901961	1.0
MAP3K3	3	0.372549019608	1.0
TMX1	2	0.294117647059	1.0
IFNW1	4	0.0392156862745	0.999999825628
RELB	2	0.176470588235	1.0
RAB7A	2	0.078431372549	1.0
TTRAP	2	0.0392156862745	0.999999825628
IL9	4	0.0392156862745	0.999999825628
TRAF3IP2	3	0.0196078431373	0.999548629487
PSMD2	2	0.588235294118	1.0
SOCS2	4	0.0392156862745	0.999999825628
IL15RA	3	0.0196078431373	0.999548629487
CSF2RB	3	0.0392156862745	0.999999825628
PSMB6	2	0.21568627451	1.0
HSPA1B	5	0.0196078431373	0.999548629487
ACAT2	2	0.0392156862745	0.999999825628
ENSG00000137379	3	0.392156862745	1.0
PSMB2	2	0.21568627451	1.0
TYK2	6	0.0196078431373	0.999548629487
CD247	8	0.0196078431373	0.999548629487
LTF	3	0.0196078431373	0.999548629487
CAPZA1	2	0.0392156862745	0.999999825628
STAT5A	3	0.0196078431373	0.999548629487
VHL	2	0.490196078431	1.0
IL2	4	0.0392156862745	0.999999825628
IARS	2	0.176470588235	1.0
HSP90AB1	3	0.725490196078	1.0
KPNB1	3	0.333333333333	1.0
PPP1CA	2	0.137254901961	1.0
TICAM1	2	0.0196078431373	0.999548629487
NQO2	2	0.254901960784	1.0
RPS27A	3	0.764705882353	1.0
KHSRP	2	0.0196078431373	0.999548629487
TPO	4	0.0392156862745	0.999999825628
GNAI1	2	0.156862745098	1.0
FYN	6	0.0588235294118	0.999999999943
KCTD12	2	0.0196078431373	0.999548629487
PSMD4	3	0.294117647059	1.0
CDC42	2	0.509803921569	1.0
CABC1	2	0.117647058824	1.0
ENSG00000215292	5	0.0196078431373	0.999548629487
CD53	2	0.0196078431373	0.999548629487
PTK2	2	0.490196078431	1.0
IFNAR1	3	0.0196078431373	0.999548629487
SOCS6	4	0.0392156862745	0.999999825628
IL21	4	0.0392156862745	0.999999825628
TNIP2	2	0.0196078431373	0.999548629487
CD3E	5	0.0196078431373	0.999548629487
STAT5B	4	0.0196078431373	0.999548629487
PSMB5	2	0.21568627451	1.0
ST13	2	0.0588235294118	0.999999999943
PTPN18	2	0.156862745098	1.0
GRB2	5	0.294117647059	1.0
LRRC59	2	0.0196078431373	0.999548629487
TLX3	2	0.078431372549	1.0
POLR2H	2	0.43137254902	1.0
SYK	5	0.0196078431373	0.999548629487
DNAJA1	3	0.0196078431373	0.999548629487
DCTN3	2	0.0196078431373	0.999548629487
IL28B	4	0.0392156862745	0.999999825628
HSPA1L	4	0.0196078431373	0.999548629487
ACTG1	4	0.21568627451	1.0
DDX3X	4	0.0392156862745	0.999999825628
VTA1	2	0.0392156862745	0.999999825628
ZAP70	7	0.0196078431373	0.999548629487
HSP90AA2	3	0.21568627451	1.0
CD4	9	0.0196078431373	0.999548629487
TUBA3C	3	0.0196078431373	0.999548629487
PSMC3	2	0.313725490196	1.0
PDIA6	2	0.372549019608	1.0
TNFRSF1A	4	0.078431372549	1.0
USP7	2	0.235294117647	1.0
IL24	4	0.0392156862745	0.999999825628
ERBB2	2	0.21568627451	1.0
GAPVD1	2	0.176470588235	1.0
CASP8	2	0.156862745098	1.0
NGFR	3	0.0392156862745	0.999999825628
PSMC6	2	0.392156862745	1.0
IRAK1	2	0.137254901961	1.0
BAG2	2	0.0588235294118	0.999999999943
TRAF6	3	0.882352941176	1.0
PRKCD	3	0.0980392156863	1.0
AKT1	2	0.529411764706	1.0
RBBP7	2	0.21568627451	1.0
LCK	11	0.0196078431373	0.999548629487
IL6ST	3	0.0392156862745	0.999999825628
PSMA7	2	0.294117647059	1.0
SOCS5	5	0.0196078431373	0.999548629487
SMAD2	3	0.196078431373	1.0
TRAF1	3	0.176470588235	1.0
PIK3R1	7	0.0196078431373	0.999548629487
PSMD12	2	0.21568627451	1.0
LSM14A	2	0.470588235294	1.0
TBKBP1	2	0.235294117647	1.0
IFNB1	4	0.0392156862745	0.999999825628
ZFAND5	2	0.0392156862745	0.999999825628
PIAS1	3	0.0392156862745	0.999999825628
PDE4A	2	0.235294117647	1.0
CSF3	4	0.0392156862745	0.999999825628
CD44	2	0.0980392156863	1.0
AP2M1	3	0.0392156862745	0.999999825628
TGFB1	3	0.0196078431373	0.999548629487
TAOK3	2	0.137254901961	1.0
HSPA9	4	0.0392156862745	0.999999825628
CALR	2	0.235294117647	1.0
CDKN2A	2	0.0980392156863	1.0
VIM	2	0.352941176471	1.0
IL19	4	0.0392156862745	0.999999825628
IL12B	4	0.0392156862745	0.999999825628
PSMC1	3	0.0980392156863	1.0
AES	2	0.137254901961	1.0
PSMD10	2	0.0980392156863	1.0
COL1A1	2	0.196078431373	1.0
DCTPP1	2	0.156862745098	1.0
INPPL1	3	0.0196078431373	0.999548629487
CRK	3	0.117647058824	1.0
IL20	4	0.0392156862745	0.999999825628
MAP2K7	2	0.0980392156863	1.0
PPIB	2	0.21568627451	1.0
TRAF5	3	0.0196078431373	0.999548629487
EGFR	2	0.666666666667	1.0
TAGLN2	2	0.0196078431373	0.999548629487
EIF3E	2	0.176470588235	1.0
HSPA8	7	0.21568627451	1.0
CLCF1	4	0.0392156862745	0.999999825628
NGFRAP1	2	0.0588235294118	0.999999999943
UCHL1	2	0.0980392156863	1.0
TUBA3D	3	0.0196078431373	0.999548629487
NFKB1	4	0.0588235294118	0.999999999943
IFNA6	4	0.0392156862745	0.999999825628
PSMA6	2	0.254901960784	1.0
IFNK	4	0.0392156862745	0.999999825628
SPOP	3	0.078431372549	1.0
IL4	4	0.0392156862745	0.999999825628
IFNA16	4	0.0392156862745	0.999999825628
DCK	2	0.294117647059	1.0
TNFRSF11A	2	0.0588235294118	0.999999999943
LRP11	2	0.0588235294118	0.999999999943
MAP3K14	3	0.0588235294118	0.999999999943
TAX1BP1	2	0.117647058824	1.0
CBL	8	0.0196078431373	0.999548629487
PRL	4	0.0392156862745	0.999999825628
PIM2	2	0.0196078431373	0.999548629487
XRCC6	2	0.43137254902	1.0
IL2RG	5	0.0196078431373	0.999548629487
ZAK	2	0.137254901961	1.0
P4HB	2	0.137254901961	1.0
CBLC	4	0.0588235294118	0.999999999943
C1QBP	2	0.0980392156863	1.0
MIF	3	0.0392156862745	0.999999825628
CSH1	4	0.0392156862745	0.999999825628
IKBKB	2	0.235294117647	1.0
TRIM37	2	0.117647058824	1.0
IL11	4	0.0392156862745	0.999999825628
IFNA2	4	0.0392156862745	0.999999825628
DLL1	2	0.0392156862745	0.999999825628
UBC	3	0.764705882353	1.0
MAP2K6	3	0.0980392156863	1.0
KPNA1	3	0.0196078431373	0.999548629487
UBB	3	0.627450980392	1.0
CARD11	2	0.078431372549	1.0
JUN	3	0.156862745098	1.0
IL6	4	0.0588235294118	0.999999999943
BIRC3	2	0.0392156862745	0.999999825628
IL15	4	0.0392156862745	0.999999825628
EIF2AK2	2	0.0392156862745	0.999999825628
HNRNPH1	2	0.352941176471	1.0
OGT	2	0.156862745098	1.0
CCNE1	2	0.21568627451	1.0
CD48	2	0.0196078431373	0.999548629487
GDI2	3	0.0196078431373	0.999548629487
IL13	4	0.0392156862745	0.999999825628
ITK	3	0.0196078431373	0.999548629487
ENSG00000212860	5	0.0196078431373	0.999548629487
TSN	2	0.0392156862745	0.999999825628
ACTB	2	0.862745098039	1.0
PCMT1	3	0.0392156862745	0.999999825628
SHC1	5	0.0196078431373	0.999548629487
RUVBL2	2	0.56862745098	1.0
PIN1	2	0.235294117647	1.0
PSMA3	4	0.0392156862745	0.999999825628
LOC100130430	2	0.254901960784	1.0
RHPN2	2	0.0392156862745	0.999999825628
SNORD73A	2	0.43137254902	1.0
AZI2	2	0.196078431373	1.0
NUP155	2	0.156862745098	1.0
IL4R	3	0.0196078431373	0.999548629487
CALM2	3	0.313725490196	1.0
DUSP14	2	0.0588235294118	0.999999999943
ACOX3	2	0.137254901961	1.0
LYN	5	0.0196078431373	0.999548629487
PGRMC1	2	0.078431372549	1.0
LEP	4	0.0392156862745	0.999999825628
ENSG00000215328	2	0.274509803922	1.0
CDC37	3	0.0196078431373	0.999548629487
C7	2	0.0196078431373	0.999548629487
RELA	3	0.176470588235	1.0
IL3	4	0.0392156862745	0.999999825628
IFNE	4	0.0392156862745	0.999999825628
PTPN6	6	0.0196078431373	0.999548629487
SSB	2	0.0392156862745	0.999999825628
IFNA8	4	0.0392156862745	0.999999825628
PRPF40A	2	0.352941176471	1.0
CD40	3	0.0392156862745	0.999999825628
IKBKG	4	0.137254901961	1.0
CSF2	4	0.0392156862745	0.999999825628
GSTM3	2	0.0196078431373	0.999548629487
AAK1	2	0.137254901961	1.0
RPL36	2	0.21568627451	1.0
PCNA	2	0.470588235294	1.0
RIPK1	2	0.117647058824	1.0
TUBB4	3	0.0196078431373	0.999548629487
CISH	3	0.0196078431373	0.999548629487
OSM	4	0.0392156862745	0.999999825628
PSMD7	2	0.196078431373	1.0
JAK3	8	0.0196078431373	0.999548629487
PIK3CG	2	0.0588235294118	0.999999999943
PSMA1	3	0.117647058824	1.0
STAT3	5	0.0196078431373	0.999548629487
IL28A	4	0.0392156862745	0.999999825628
ACTN1	2	0.254901960784	1.0
IGHG1	4	0.0392156862745	0.999999825628
ARID4B	2	0.156862745098	1.0
TNFRSF1B	4	0.0588235294118	0.999999999943
RPS3	3	0.313725490196	1.0
IFNA21	4	0.0392156862745	0.999999825628
HSPA4	2	0.196078431373	1.0
NAP1L1	3	0.117647058824	1.0
PSMA2	3	0.137254901961	1.0
HSPE1	3	0.0196078431373	0.999548629487
IFNA5	4	0.0392156862745	0.999999825628
MCM3	2	0.196078431373	1.0
TESK2	2	0.235294117647	1.0
TARDBP	2	0.0196078431373	0.999548629487
SPNS1	2	0.21568627451	1.0
VCP	3	0.078431372549	1.0
KIAA0195	2	0.450980392157	1.0
IFNAR2	3	0.0196078431373	0.999548629487
PIK3R2	3	0.0588235294118	0.999999999943
CCDC59	2	0.0196078431373	0.999548629487
RCC2	2	0.137254901961	1.0
ALPK3	2	0.450980392157	1.0
CBLB	4	0.0980392156863	1.0
RIPK2	5	0.0196078431373	0.999548629487
GNB2L1	3	0.196078431373	1.0
IL23A	4	0.0392156862745	0.999999825628
HNRNPU	2	0.450980392157	1.0
TUBB	3	0.392156862745	1.0
PSMB4	2	0.176470588235	1.0
TRAF2	7	0.0196078431373	0.999548629487
PSMD8	2	0.235294117647	1.0
PKN3	2	0.254901960784	1.0
ECHS1	2	0.078431372549	1.0
PSMA4	2	0.352941176471	1.0
GAPDH	2	0.529411764706	1.0
CUL1	2	0.450980392157	1.0
BRCA1	2	0.490196078431	1.0
IL5	4	0.0392156862745	0.999999825628
IL2RA	3	0.0196078431373	0.999548629487
NCK1	2	0.56862745098	1.0
RCN2	2	0.21568627451	1.0
IL12RB1	3	0.0196078431373	0.999548629487
UGCGL1	2	0.0196078431373	0.999548629487
CAV1	2	0.333333333333	1.0
BIRC2	2	0.117647058824	1.0
EDAR	2	0.0588235294118	0.999999999943
SOCS1	5	0.0392156862745	0.999999825628
PSMD11	2	0.333333333333	1.0
JAK2	9	0.0196078431373	0.999548629487
FADD	2	0.078431372549	1.0
IL2RB	5	0.0196078431373	0.999548629487
PTPN11	2	0.333333333333	1.0
TRADD	2	0.313725490196	1.0
PTPRC	4	0.0196078431373	0.999548629487
FABP5	2	0.078431372549	1.0
DARS	2	0.176470588235	1.0
SP1	2	0.372549019608	1.0
IKBKE	2	0.764705882353	1.0
PSMC4	2	0.450980392157	1.0
MAPK6	3	0.137254901961	1.0
RAC1	3	0.21568627451	1.0
ENSG00000212866	5	0.0196078431373	0.999548629487
IL7	4	0.0392156862745	0.999999825628
FOS	2	0.21568627451	1.0
ENSG00000204523	2	0.803921568627	1.0
PSMD1	3	0.137254901961	1.0
RARS	2	0.0196078431373	0.999548629487
FAM83A	2	0.470588235294	1.0
TNFAIP3	2	0.078431372549	1.0
CSK	2	0.196078431373	1.0
NFKB2	2	0.352941176471	1.0
LIMK2	2	0.235294117647	1.0
ENSG00000183311	3	0.392156862745	1.0
SRC	4	0.509803921569	1.0
FRYL	2	0.156862745098	1.0
HPRT1	3	0.0196078431373	0.999548629487
MAP4K5	2	0.21568627451	1.0
PSMD3	2	0.196078431373	1.0
RNF31	3	0.0196078431373	0.999548629487
IFNA10	4	0.0392156862745	0.999999825628
IRF7	2	0.0980392156863	1.0
ZMYND11	2	0.0196078431373	0.999548629487
ACTN2	2	0.21568627451	1.0
DTNB	2	0.078431372549	1.0
FGFR3	2	0.078431372549	1.0
IL12A	5	0.0196078431373	0.999548629487
CREBBP	3	0.43137254902	1.0
NEK11	2	0.137254901961	1.0
MAP3K7IP1	2	0.196078431373	1.0
IL29	4	0.0392156862745	0.999999825628
PPP4C	2	0.21568627451	1.0
RANGAP1	2	0.372549019608	1.0
YWHAG	3	0.490196078431	1.0
SOCS3	4	0.0392156862745	0.999999825628
IL26	4	0.0392156862745	0.999999825628
CD40LG	2	0.0392156862745	0.999999825628
UBE2I	2	0.372549019608	1.0
EIF3I	2	0.21568627451	1.0
LAT	2	0.0196078431373	0.999548629487
