PROTEIN	NUM_BINDERS	P_VALUE	P_VALUE_CORRECTED
AIMP2	2	0.0594059405941	0.999999999955
YWHAZ	2	0.90099009901	1.0
PSMC2	2	0.376237623762	1.0
PSMB3	2	0.168316831683	1.0
IFNA13	4	0.019801980198	0.999582096222
IFNA14	4	0.019801980198	0.999582096222
HSPA5	3	0.50495049505	1.0
IL22RA1	3	0.019801980198	0.999582096222
DHX9	3	0.0693069306931	0.999999999999
GLT8D3	2	0.00990099009901	0.979155782386
MAP3K5	3	0.118811881188	1.0
SIK3	2	0.178217821782	1.0
CALM3	3	0.316831683168	1.0
PSMC5	2	0.19801980198	1.0
PPP1CC	2	0.50495049505	1.0
RAP1A	2	0.178217821782	1.0
IFNG	4	0.019801980198	0.999582096222
IL22	4	0.019801980198	0.999582096222
PSMD6	2	0.257425742574	1.0
KIAA0528	2	0.168316831683	1.0
HNRNPL	2	0.138613861386	1.0
LIF	4	0.019801980198	0.999582096222
SEC11A	2	0.00990099009901	0.979155782386
CALM1	3	0.316831683168	1.0
IFNA4	4	0.019801980198	0.999582096222
PRMT1	3	0.039603960396	0.999999850999
TP53	2	0.841584158416	1.0
SPEG	2	0.316831683168	1.0
TRAFD1	2	0.029702970297	0.999991947531
G3BP1	2	0.039603960396	0.999999850999
FDPS	2	0.00990099009901	0.979155782386
PA2G4	2	0.039603960396	0.999999850999
TRAF3	2	0.118811881188	1.0
TNFRSF19	2	0.029702970297	0.999991947531
PSMD13	2	0.227722772277	1.0
FN1	2	0.336633663366	1.0
HSPA1A	5	0.019801980198	0.999582096222
JAK1	6	0.00990099009901	0.979155782386
PINK1	2	0.0693069306931	0.999999999999
NEDD8	2	0.0891089108911	1.0
MAP3K8	3	0.00990099009901	0.979155782386
PSMD14	2	0.207920792079	1.0
IL12RB2	3	0.029702970297	0.999991947531
ATP6V1E1	2	0.0792079207921	1.0
SMAD3	2	0.465346534653	1.0
TXN	2	0.0891089108911	1.0
TSLP	4	0.019801980198	0.999582096222
ATP5J2	2	0.049504950495	0.999999997355
PSMB1	2	0.19801980198	1.0
ACTN4	2	0.158415841584	1.0
LOC100130702	3	0.752475247525	1.0
MAP3K1	4	0.0792079207921	1.0
IFNGR1	3	0.029702970297	0.999991947531
ACVR1B	3	0.019801980198	0.999582096222
EPO	4	0.019801980198	0.999582096222
IL10	4	0.019801980198	0.999582096222
TAOK1	2	0.316831683168	1.0
SIK2	2	0.108910891089	1.0
SOCS4	4	0.019801980198	0.999582096222
ENSG00000112049	2	0.049504950495	0.999999997355
SUMO1P3	3	0.336633663366	1.0
MAPK14	5	0.039603960396	0.999999850999
CTF1	4	0.019801980198	0.999582096222
PPP2R1A	4	0.019801980198	0.999582096222
REXO2	2	0.039603960396	0.999999850999
PLCG1	5	0.049504950495	0.999999997355
ZFP91	4	0.029702970297	0.999991947531
STAT1	2	0.168316831683	1.0
ADAM28	2	0.366336633663	1.0
GH1	4	0.049504950495	0.999999997355
GFPT1	3	0.108910891089	1.0
MAP3K3	3	0.316831683168	1.0
TMX1	2	0.257425742574	1.0
IFNW1	4	0.019801980198	0.999582096222
RELB	2	0.178217821782	1.0
RAB7A	2	0.0693069306931	0.999999999999
TTRAP	2	0.029702970297	0.999991947531
IL9	4	0.019801980198	0.999582096222
TRAF3IP2	3	0.00990099009901	0.979155782386
PSMD2	2	0.544554455446	1.0
SOCS2	4	0.019801980198	0.999582096222
IL15RA	3	0.019801980198	0.999582096222
CSF2RB	3	0.029702970297	0.999991947531
PSMB6	2	0.207920792079	1.0
HSPA1B	5	0.019801980198	0.999582096222
ACAT2	2	0.019801980198	0.999582096222
ENSG00000137379	3	0.39603960396	1.0
PSMB2	2	0.217821782178	1.0
TYK2	6	0.00990099009901	0.979155782386
CD247	8	0.00990099009901	0.979155782386
LTF	3	0.00990099009901	0.979155782386
CAPZA1	2	0.039603960396	0.999999850999
STAT5A	3	0.00990099009901	0.979155782386
VHL	2	0.554455445545	1.0
IL2	4	0.019801980198	0.999582096222
IARS	2	0.118811881188	1.0
HSP90AB1	3	0.772277227723	1.0
KPNB1	3	0.277227722772	1.0
PPP1CA	2	0.0990099009901	1.0
TICAM1	2	0.019801980198	0.999582096222
NQO2	2	0.217821782178	1.0
RPS27A	3	0.80198019802	1.0
KHSRP	2	0.019801980198	0.999582096222
TPO	4	0.019801980198	0.999582096222
GNAI1	2	0.128712871287	1.0
FYN	6	0.039603960396	0.999999850999
KCTD12	2	0.00990099009901	0.979155782386
PSMD4	3	0.287128712871	1.0
CDC42	2	0.514851485149	1.0
CABC1	2	0.0990099009901	1.0
ENSG00000215292	5	0.019801980198	0.999582096222
CD53	2	0.00990099009901	0.979155782386
PTK2	2	0.405940594059	1.0
IFNAR1	3	0.039603960396	0.999999850999
SOCS6	4	0.019801980198	0.999582096222
IL21	4	0.019801980198	0.999582096222
TNIP2	2	0.00990099009901	0.979155782386
CD3E	5	0.00990099009901	0.979155782386
STAT5B	4	0.00990099009901	0.979155782386
PSMB5	2	0.188118811881	1.0
ST13	2	0.039603960396	0.999999850999
PTPN18	2	0.148514851485	1.0
GRB2	5	0.336633663366	1.0
LRRC59	2	0.029702970297	0.999991947531
TLX3	2	0.0594059405941	0.999999999955
POLR2H	2	0.405940594059	1.0
SYK	5	0.00990099009901	0.979155782386
DNAJA1	3	0.029702970297	0.999991947531
DCTN3	2	0.00990099009901	0.979155782386
IL28B	4	0.019801980198	0.999582096222
HSPA1L	4	0.00990099009901	0.979155782386
ACTG1	4	0.247524752475	1.0
DDX3X	4	0.019801980198	0.999582096222
VTA1	2	0.019801980198	0.999582096222
ZAP70	7	0.00990099009901	0.979155782386
HSP90AA2	3	0.257425742574	1.0
CD4	9	0.00990099009901	0.979155782386
TUBA3C	3	0.00990099009901	0.979155782386
PSMC3	2	0.306930693069	1.0
PDIA6	2	0.346534653465	1.0
TNFRSF1A	4	0.0693069306931	0.999999999999
USP7	2	0.207920792079	1.0
IL24	4	0.019801980198	0.999582096222
ERBB2	2	0.257425742574	1.0
GAPVD1	2	0.158415841584	1.0
CASP8	2	0.207920792079	1.0
NGFR	3	0.029702970297	0.999991947531
PSMC6	2	0.405940594059	1.0
IRAK1	2	0.118811881188	1.0
BAG2	2	0.039603960396	0.999999850999
TRAF6	3	0.772277227723	1.0
PRKCD	3	0.108910891089	1.0
AKT1	2	0.485148514851	1.0
RBBP7	2	0.247524752475	1.0
LCK	11	0.00990099009901	0.979155782386
IL6ST	3	0.029702970297	0.999991947531
PSMA7	2	0.29702970297	1.0
SOCS5	5	0.00990099009901	0.979155782386
SMAD2	3	0.138613861386	1.0
TRAF1	3	0.118811881188	1.0
PIK3R1	7	0.029702970297	0.999991947531
PSMD12	2	0.148514851485	1.0
LSM14A	2	0.386138613861	1.0
TBKBP1	2	0.227722772277	1.0
IFNB1	4	0.019801980198	0.999582096222
ZFAND5	2	0.019801980198	0.999582096222
PIAS1	3	0.029702970297	0.999991947531
PDE4A	2	0.19801980198	1.0
CSF3	4	0.019801980198	0.999582096222
CD44	2	0.0792079207921	1.0
AP2M1	3	0.019801980198	0.999582096222
TGFB1	3	0.019801980198	0.999582096222
TAOK3	2	0.108910891089	1.0
HSPA9	4	0.019801980198	0.999582096222
CALR	2	0.257425742574	1.0
CDKN2A	2	0.158415841584	1.0
VIM	2	0.405940594059	1.0
IL19	4	0.019801980198	0.999582096222
IL12B	4	0.019801980198	0.999582096222
PSMC1	3	0.0594059405941	0.999999999955
AES	2	0.0792079207921	1.0
PSMD10	2	0.118811881188	1.0
COL1A1	2	0.168316831683	1.0
DCTPP1	2	0.168316831683	1.0
INPPL1	3	0.019801980198	0.999582096222
CRK	3	0.168316831683	1.0
IL20	4	0.019801980198	0.999582096222
MAP2K7	2	0.0990099009901	1.0
PPIB	2	0.217821782178	1.0
TRAF5	3	0.00990099009901	0.979155782386
EGFR	2	0.683168316832	1.0
TAGLN2	2	0.00990099009901	0.979155782386
EIF3E	2	0.138613861386	1.0
HSPA8	7	0.158415841584	1.0
CLCF1	4	0.019801980198	0.999582096222
NGFRAP1	2	0.029702970297	0.999991947531
UCHL1	2	0.0693069306931	0.999999999999
TUBA3D	3	0.00990099009901	0.979155782386
NFKB1	4	0.049504950495	0.999999997355
IFNA6	4	0.019801980198	0.999582096222
PSMA6	2	0.217821782178	1.0
IFNK	4	0.019801980198	0.999582096222
SPOP	3	0.049504950495	0.999999997355
IL4	4	0.019801980198	0.999582096222
IFNA16	4	0.019801980198	0.999582096222
DCK	2	0.257425742574	1.0
TNFRSF11A	2	0.039603960396	0.999999850999
LRP11	2	0.0594059405941	0.999999999955
MAP3K14	3	0.0693069306931	0.999999999999
TAX1BP1	2	0.0891089108911	1.0
CBL	8	0.00990099009901	0.979155782386
PRL	4	0.019801980198	0.999582096222
PIM2	2	0.019801980198	0.999582096222
XRCC6	2	0.445544554455	1.0
IL2RG	5	0.00990099009901	0.979155782386
ZAK	2	0.108910891089	1.0
P4HB	2	0.178217821782	1.0
CBLC	4	0.029702970297	0.999991947531
C1QBP	2	0.0990099009901	1.0
MIF	3	0.019801980198	0.999582096222
CSH1	4	0.019801980198	0.999582096222
IKBKB	2	0.237623762376	1.0
TRIM37	2	0.0693069306931	0.999999999999
IL11	4	0.019801980198	0.999582096222
IFNA2	4	0.019801980198	0.999582096222
DLL1	2	0.0594059405941	0.999999999955
UBC	3	0.732673267327	1.0
MAP2K6	3	0.0594059405941	0.999999999955
KPNA1	3	0.00990099009901	0.979155782386
UBB	3	0.623762376238	1.0
CARD11	2	0.039603960396	0.999999850999
JUN	3	0.128712871287	1.0
IL6	4	0.029702970297	0.999991947531
BIRC3	2	0.049504950495	0.999999997355
IL15	4	0.019801980198	0.999582096222
EIF2AK2	2	0.039603960396	0.999999850999
HNRNPH1	2	0.326732673267	1.0
OGT	2	0.188118811881	1.0
CCNE1	2	0.168316831683	1.0
CD48	2	0.00990099009901	0.979155782386
GDI2	3	0.019801980198	0.999582096222
IL13	4	0.019801980198	0.999582096222
ITK	3	0.019801980198	0.999582096222
ENSG00000212860	5	0.019801980198	0.999582096222
TSN	2	0.029702970297	0.999991947531
ACTB	2	0.881188118812	1.0
PCMT1	3	0.019801980198	0.999582096222
SHC1	5	0.00990099009901	0.979155782386
RUVBL2	2	0.50495049505	1.0
PIN1	2	0.237623762376	1.0
PSMA3	4	0.039603960396	0.999999850999
LOC100130430	2	0.306930693069	1.0
RHPN2	2	0.0594059405941	0.999999999955
SNORD73A	2	0.405940594059	1.0
AZI2	2	0.188118811881	1.0
NUP155	2	0.0990099009901	1.0
IL4R	3	0.029702970297	0.999991947531
CALM2	3	0.316831683168	1.0
DUSP14	2	0.049504950495	0.999999997355
ACOX3	2	0.0891089108911	1.0
LYN	5	0.00990099009901	0.979155782386
PGRMC1	2	0.0693069306931	0.999999999999
LEP	4	0.019801980198	0.999582096222
ENSG00000215328	2	0.257425742574	1.0
CDC37	3	0.019801980198	0.999582096222
C7	2	0.00990099009901	0.979155782386
RELA	3	0.178217821782	1.0
IL3	4	0.019801980198	0.999582096222
IFNE	4	0.019801980198	0.999582096222
PTPN6	6	0.00990099009901	0.979155782386
SSB	2	0.0594059405941	0.999999999955
IFNA8	4	0.019801980198	0.999582096222
PRPF40A	2	0.316831683168	1.0
CD40	3	0.029702970297	0.999991947531
IKBKG	4	0.128712871287	1.0
CSF2	4	0.019801980198	0.999582096222
GSTM3	2	0.039603960396	0.999999850999
AAK1	2	0.108910891089	1.0
RPL36	2	0.178217821782	1.0
PCNA	2	0.415841584158	1.0
RIPK1	2	0.0990099009901	1.0
TUBB4	3	0.00990099009901	0.979155782386
CISH	3	0.00990099009901	0.979155782386
OSM	4	0.019801980198	0.999582096222
PSMD7	2	0.168316831683	1.0
JAK3	8	0.00990099009901	0.979155782386
PIK3CG	2	0.0693069306931	0.999999999999
PSMA1	3	0.108910891089	1.0
STAT3	5	0.00990099009901	0.979155782386
IL28A	4	0.019801980198	0.999582096222
ACTN1	2	0.247524752475	1.0
IGHG1	4	0.029702970297	0.999991947531
ARID4B	2	0.19801980198	1.0
TNFRSF1B	4	0.049504950495	0.999999997355
RPS3	3	0.277227722772	1.0
IFNA21	4	0.019801980198	0.999582096222
HSPA4	2	0.178217821782	1.0
NAP1L1	3	0.118811881188	1.0
PSMA2	3	0.0990099009901	1.0
HSPE1	3	0.00990099009901	0.979155782386
IFNA5	4	0.019801980198	0.999582096222
MCM3	2	0.19801980198	1.0
TESK2	2	0.237623762376	1.0
TARDBP	2	0.049504950495	0.999999997355
SPNS1	2	0.19801980198	1.0
VCP	3	0.108910891089	1.0
KIAA0195	2	0.356435643564	1.0
IFNAR2	3	0.019801980198	0.999582096222
PIK3R2	3	0.0891089108911	1.0
CCDC59	2	0.00990099009901	0.979155782386
RCC2	2	0.138613861386	1.0
ALPK3	2	0.376237623762	1.0
CBLB	4	0.0594059405941	0.999999999955
RIPK2	5	0.019801980198	0.999582096222
GNB2L1	3	0.247524752475	1.0
IL23A	4	0.019801980198	0.999582096222
HNRNPU	2	0.465346534653	1.0
TUBB	3	0.39603960396	1.0
PSMB4	2	0.168316831683	1.0
TRAF2	7	0.00990099009901	0.979155782386
PSMD8	2	0.207920792079	1.0
PKN3	2	0.217821782178	1.0
ECHS1	2	0.0891089108911	1.0
PSMA4	2	0.376237623762	1.0
GAPDH	2	0.524752475248	1.0
CUL1	2	0.376237623762	1.0
BRCA1	2	0.445544554455	1.0
IL5	4	0.019801980198	0.999582096222
IL2RA	3	0.019801980198	0.999582096222
NCK1	2	0.613861386139	1.0
RCN2	2	0.207920792079	1.0
IL12RB1	3	0.039603960396	0.999999850999
UGCGL1	2	0.029702970297	0.999991947531
CAV1	2	0.287128712871	1.0
BIRC2	2	0.0891089108911	1.0
EDAR	2	0.029702970297	0.999991947531
SOCS1	5	0.019801980198	0.999582096222
PSMD11	2	0.316831683168	1.0
JAK2	9	0.00990099009901	0.979155782386
FADD	2	0.0594059405941	0.999999999955
IL2RB	5	0.00990099009901	0.979155782386
PTPN11	2	0.415841584158	1.0
TRADD	2	0.277227722772	1.0
PTPRC	4	0.00990099009901	0.979155782386
FABP5	2	0.039603960396	0.999999850999
DARS	2	0.158415841584	1.0
SP1	2	0.49504950495	1.0
IKBKE	2	0.762376237624	1.0
PSMC4	2	0.455445544554	1.0
MAPK6	3	0.108910891089	1.0
RAC1	3	0.207920792079	1.0
ENSG00000212866	5	0.019801980198	0.999582096222
IL7	4	0.019801980198	0.999582096222
FOS	2	0.207920792079	1.0
ENSG00000204523	2	0.782178217822	1.0
PSMD1	3	0.0990099009901	1.0
RARS	2	0.029702970297	0.999991947531
FAM83A	2	0.386138613861	1.0
TNFAIP3	2	0.039603960396	0.999999850999
CSK	2	0.19801980198	1.0
NFKB2	2	0.336633663366	1.0
LIMK2	2	0.217821782178	1.0
ENSG00000183311	3	0.39603960396	1.0
SRC	4	0.465346534653	1.0
FRYL	2	0.148514851485	1.0
HPRT1	3	0.019801980198	0.999582096222
MAP4K5	2	0.207920792079	1.0
PSMD3	2	0.227722772277	1.0
RNF31	3	0.00990099009901	0.979155782386
IFNA10	4	0.019801980198	0.999582096222
IRF7	2	0.0891089108911	1.0
ZMYND11	2	0.00990099009901	0.979155782386
ACTN2	2	0.247524752475	1.0
DTNB	2	0.0693069306931	0.999999999999
FGFR3	2	0.0891089108911	1.0
IL12A	5	0.00990099009901	0.979155782386
CREBBP	3	0.425742574257	1.0
NEK11	2	0.0990099009901	1.0
MAP3K7IP1	2	0.138613861386	1.0
IL29	4	0.019801980198	0.999582096222
PPP4C	2	0.168316831683	1.0
RANGAP1	2	0.316831683168	1.0
YWHAG	3	0.415841584158	1.0
SOCS3	4	0.019801980198	0.999582096222
IL26	4	0.019801980198	0.999582096222
CD40LG	2	0.019801980198	0.999582096222
UBE2I	2	0.39603960396	1.0
EIF3I	2	0.19801980198	1.0
LAT	2	0.00990099009901	0.979155782386
